2 0.39053049395161293 0.4456590221774194 0.42518271169354843 0.24877142137096772 0.5417401713709677 0.25979712701612906 0.5307144657258065 0.48346144153225806
2 0.41258190524193544 0.16371597782258063 0.5700919858870968 0.17474168346774194 0.5196887600806452 0.25822202620967744 0.41415700604838707 0.23932081653225806
2 0.4362084173387097 0.07551033266129031 0.5385899697580645 0.08338583669354838 0.5338646673387097 0.17789188508064516 0.43463331653225806 0.1574155745967742
0 0.7717048891129032 0.3259513608870968 0.7512285786290323 0.1700163810483871 0.7921811995967742 0.16214087701612903 0.7984816028225807 0.1479649697580645 0.992219002016129 0.11961315524193547 0.9953692036290323 0.31807585685483875 0.8347089213709677 0.3448525705645161 0.8173828125 0.3259513608870968 0.776430191532258 0.34170236895161293
0 0.3732043850806452 0.6047442036290323 0.4566847278225807 0.581117691532258 0.4661353326612903 0.6897996471774194 0.3732043850806452 0.7055506552419355
2 0.07866053427419356 0.5007875504032258 0.07551033266129034 0.4755859375 0.08653603830645162 0.4708606350806452 0.09283644153225806 0.4236076108870968 0.23932081653225806 0.4220325100806452 0.23932081653225806 0.4456590221774194 0.2172694052419355 0.4519594254032258 0.21254410282258068 0.5070879536290323
2 0.35745337701612906 0.9780430947580645 0.3606035786290323 0.9244896673387096 0.42675781250000006 0.9402406754032258 0.43132145983658743 0.998046875
3 0.36217867943548393 0.8898374495967741 0.4724357358870968 0.9118888608870968 0.4708606350806452 0.8095073084677419 0.4236076108870968 0.8063571068548386 0.41100680443548393 0.8410093245967741 0.3747794858870968 0.8315587197580645
2 0.46771043346774194 0.5748172883064516 0.5275642641129032 0.5669417842741935 0.5480405745967742 0.6803490423387096 0.5149634576612903 0.6803490423387096 0.5070879536290323 0.650422127016129 0.4787361391129032 0.6630229334677419
2 0.5464654737903225 0.552765877016129 0.6220703125 0.5464654737903225 0.634671118951613 0.6551474294354839 0.5968686995967742 0.6645980342741935 0.5905682963709677 0.6378213205645161 0.5543409778225807 0.650422127016129
2 0.16214087701612906 0.37162928427419356 0.21411920362903225 0.37005418346774194 0.21254410282258068 0.28342363911290325 0.13851436491935487 0.27869833669354843 0.14008946572580644 0.34642767137096775 0.16686617943548387 0.3480027721774194
2 0.606319304435484 0.8551852318548386 0.7102759576612903 0.8693611391129032 0.7134261592741935 0.8173828125 0.6047442036290323 0.7953314012096774
2 0.6110446068548387 0.8662109375 0.707125756048387 0.8803868447580645 0.707125756048387 0.8914125504032258 0.6850743447580645 0.8882623487903225 0.6897996471774193 0.9622920866935484 0.6000189012096775 0.9496912802419355
2 0.034557711693548404 0.3779296875 0.023532006048387094 0.30862525201612906 0.11646295362903225 0.28814894153225806 0.14008946572580644 0.4220325100806452 0.0849609375 0.40470640120967744
2 0.7701297883064517 0.9040133568548386 0.7717048891129032 0.8441595262096774 0.8551852318548387 0.8536101310483871 0.8410093245967742 0.9197643649193548
2 0.09441154233870969 0.6141948084677419 0.11331275201612906 0.6252205141129032 0.11488785282258068 0.6110446068548386 0.14638986895161293 0.6252205141129032 0.1794669858870968 0.5874180947580645 0.1448147681451613 0.5795425907258064 0.1574155745967742 0.5653666834677419 0.0849609375 0.5196887600806451 0.05030871975806453 0.5732421875
2 0.8173828125 0.6220703125 0.8173828125 0.5732421875 0.8394342237903225 0.5716670866935484 0.8236832157258065 0.5354397681451613 0.8803868447580645 0.5291393649193548 0.899288054435484 0.6252205141129032
2 0.7417779737903225 0.9260647681451613 0.8410093245967742 0.9339402721774194 0.847114715341782 0.998046875 0.748078377016129 0.998046875
3 0.7339024697580645 0.5401650705645161 0.809507308467742 0.5291393649193548 0.8236832157258065 0.6425466229838709 0.7386277721774193 0.6456968245967741
2 0.18734248991935487 0.1479649697580645 0.16056577620967744 0.025107106854838704 0.23774571572580644 0.007780997983870964 0.2755481350806452 0.13851436491935484
