3 0.47283247180451127 0.696781015037594 0.48604910714285715 0.5954534774436091 0.5829710996240602 0.6072015977443609 0.5712229793233083 0.7099976503759399
3 0.4904546522556391 0.49999999999999994 0.508076832706767 0.44419642857142855 0.5815025845864662 0.45594454887218044 0.5594748590225564 0.5323073308270677
3 0.5932507048872181 0.7643327067669173 0.6475857612781956 0.7276198308270677 0.7224800281954887 0.8274788533834586 0.6446487312030076 0.8744713345864662
3 0.6446487312030076 0.900904605263158 0.7356966635338347 0.8406954887218046 0.8076539003759399 0.9655192669172933 0.7371651785714286 0.997826597744361 0.7077948778195489 0.997826597744361
3 0.22318491541353386 0.5205592105263158 0.1585702537593985 0.4074835526315789 0.18794055451127822 0.39573543233082703 0.2598977913533835 0.49559445488721804
2 0.1306684680451128 0.896499060150376 0.16297579887218047 0.8862194548872181 0.16150728383458648 0.8715343045112782 0.20703125000000003 0.8553806390977444 0.2173108552631579 0.8788768796992481 0.24961818609022557 0.8685972744360902 0.2657718515037594 0.9067786654135338 0.2466811560150376 0.9097156954887218 0.2657718515037594 0.9669877819548872 0.14682213345864664 0.9816729323308271
1 0.10864074248120303 0.2635690789473684 0.07927044172932333 0.17398966165413537 0.15563322368421054 0.14608787593984965 0.19528312969924813 0.22538768796992484
3 0.2877995770676692 0.3193726503759398 0.39500117481203006 0.30909304511278196 0.39500117481203006 0.43097979323308266 0.2936736372180451 0.42804276315789475
3 0.058711231203007544 0.7819548872180452 0.0910185620300752 0.6806273496240601 0.16591282894736845 0.6938439849624061 0.12919995300751883 0.8039826127819549
1 0.020529840225563936 0.4882518796992481 0.010250234962406042 0.3825187969924812 0.12479440789473686 0.3913298872180451 0.13654252819548873 0.49265742481203006
3 0.22612194548872183 0.019795582706766943 0.2598977913533835 0.01245300751879702 0.25616188909774434 0.0 0.3744419642857143 0.002173402255639125 0.38178453947368424 0.07413063909774438 0.2378700657894737 0.09322133458646618
