3 0.7665354793233082 0.6688792293233083 0.8208705357142857 0.6453829887218046 0.8091224154135338 0.6380404135338346 0.8340871710526315 0.6145441729323309 0.8649259868421053 0.6292293233082707 0.8987018327067668 0.6820958646616542 0.8928277725563909 0.699718045112782 0.8105909304511277 0.7320253759398496
3 0.8605204417293233 0.6189497180451128 0.885485197368421 0.6791588345864662 0.9310091635338344 0.6556625939849624 0.9133869830827066 0.599859022556391
3 0.8443667763157894 0.8083881578947368 0.9163240131578947 0.7672697368421053 0.9545054041353382 0.8142622180451128 0.9280721334586466 0.8216047932330828 0.9500998590225564 0.8539121240601504 0.881079652255639 0.895030545112782 0.8605204417293233 0.8612546992481204 0.8840166823308271 0.8553806390977444
2 0.18500352443609022 0.03301221804511281 0.23667482224583203 0.0 0.28486254699248126 0.002173402255639125 0.3230439379699248 0.06825657894736845 0.24080709586466167 0.12552866541353386
2 0.33185502819548873 0.2283247180451128 0.4816435620300752 0.1402138157894737 0.5315730733082706 0.20776550751879702 0.3788475093984962 0.29881343984962405
3 0.7518503289473684 0.16664708646616544 0.8017798402255638 0.110843515037594 0.8502408364661653 0.1519619360902256 0.787094689849624 0.210702537593985
1 0.5991247650375939 0.3237781954887218 0.6813616071428571 0.2811912593984962 0.7195429981203008 0.34874295112781956 0.6373061560150376 0.398672462406015
1 0.8149964755639098 0.24888392857142858 0.8149964755639098 0.20776550751879702 0.8649259868421053 0.24007283834586468 0.8678630169172932 0.26944313909774437 0.8531778665413533 0.27238016917293234
2 0.6842986372180451 0.04476033834586469 0.6989837875939849 0.11378054511278198 0.7327596334586466 0.10496945488721807 0.7738780545112781 0.031543703007518825 0.7738780545112781 0.009515977443609049 0.7195429981203008 0.002173402255639125 0.7415707236842105 0.02273261278195491 0.7136689379699248 0.018327067669172956 0.7063263627819548 0.030075187969924838 0.7151374530075187 0.04916588345864664
1 0.8164649906015037 0.016858552631578975 0.8458352913533834 0.005110432330827095 0.8722685620300752 0.010984492481203034 0.8384927161654134 0.04916588345864664
1 0.6079358552631579 0.5807683270676692 0.6417117011278195 0.5572720864661654 0.6784245770676691 0.6218867481203008 0.6343691259398496 0.6380404135338346
2 0.6461172462406015 0.5587406015037595 0.6945782424812029 0.5425869360902256 0.687235667293233 0.5190906954887219 0.7136689379699248 0.49559445488721804 0.7401022086466165 0.5176221804511278 0.7239485432330827 0.5293703007518797 0.7239485432330827 0.5543350563909775 0.7195429981203008 0.5646146616541353 0.7195429981203008 0.5748942669172933 0.6945782424812029 0.5881109022556391 0.6666764567669172 0.5983905075187971
