3 0.5882056451612904 0.34327746975806456 0.6685357862903226 0.3149256552419355 0.7079133064516129 0.40628150201612906 0.59765625 0.4488092237903226
1 0.4322706653225806 0.8158077116935484 0.5063004032258065 0.7685546875 0.5441028225806452 0.8410093245967741 0.47479838709677424 0.8882623487903225
3 0.5362273185483871 0.8536101310483871 0.6291582661290323 0.8205330141129032 0.6622353830645161 0.8992880544354839 0.5724546370967742 0.9213394657258064
3 0.618132560483871 0.5133883568548386 0.7047631048387097 0.5165385584677419 0.7094884072580645 0.5921433971774194 0.6149823588709677 0.5952935987903225
1 0.39289314516129037 0.447234122983871 0.44014616935483875 0.3732043850806452 0.5078755040322581 0.42045740927419356 0.4590473790322581 0.4992124495967742
2 0.7283896169354839 0.22672001008064516 0.8323462701612903 0.2188445060483871 0.8386466733870968 0.3606035786290323 0.7142137096774194 0.3590284778225807
2 0.42597026209677424 0.07708543346774192 0.5220514112903226 0.1227633568548387 0.44802167338709675 0.21411920362903225 0.5582787298387097 0.2613722278225807 0.5189012096774194 0.32122605846774194 0.34406502016129037 0.23459551411290322
3 0.7787928427419355 0.707125756048387 0.833921370967742 0.6882245463709677 0.8591229838709677 0.7669795866935484 0.785093245967742 0.7874558971774194
1 0.18182963709677422 0.051883820564516125 0.26688508064516125 0.015656502016129028 0.3188634072580645 0.10228704637096774 0.23223286290322578 0.15426537298387097
2 0.59765625 0.0723601310483871 0.6291582661290323 0.009356098790322578 0.736265120967742 0.020381804435483868 0.6953125 0.11646295362903225
2 0.8370715725806452 0.02195690524193548 0.833921370967742 0.11173765120967741 0.952053931451613 0.10543724798387095 0.9457535282258065 0.031407510080645164
