3 0.25161345108695654 0.6139322916666666 0.2969033061594203 0.5389209692028986 0.359176856884058 0.5785495923913043 0.3124716938405797 0.6535609148550725
3 0.31530230978260876 0.7229110054347826 0.3874830163043478 0.5785495923913043 0.47523211050724634 0.6210088315217391 0.4016360960144928 0.7752774003623188
3 0.3733299365942029 0.5757189764492754 0.4087126358695652 0.5091995018115942 0.47664741847826086 0.548828125 0.4525871829710145 0.6040251358695652
3 0.4072973278985508 0.5176913496376812 0.4242810235507246 0.4780627264492754 0.5007076539855072 0.5134454257246377 0.47381680253623193 0.5629812047101449
3 0.8828408061594202 0.37616055253623193 0.9536062047101449 0.3846524003623189 0.9507755887681159 0.46532495471014496 0.8672724184782609 0.44975656702898553
3 0.7738620923913043 0.4143738677536232 0.8290591032608695 0.4214504076086957 0.827643795289855 0.47098618659420294 0.7639549365942029 0.46532495471014496
3 0.9295459692028984 0.456833106884058 0.9790817481884058 0.44834125905797106 0.9819123641304347 0.5233525815217391 0.9153928894927535 0.5162760416666667
1 0.8007529438405797 0.22330729166666669 0.8785948822463767 0.22613790760869568 0.8771795742753623 0.2869961503623189 0.7922610960144927 0.27284307065217395
3 0.09876019021739134 0.7115885416666666 0.1412194293478261 0.6181782155797102 0.21764605978260873 0.6394078351449276 0.1836786684782609 0.7540477807971014
3 0.016672327898550762 0.6379925271739131 0.04356317934782612 0.5502434329710145 0.11008265398550729 0.5629812047101449 0.0874377264492754 0.6733752264492754
3 0.46249433876811596 0.7922610960144928 0.5120301177536232 0.7342334692028986 0.5941179800724637 0.7979223278985508 0.5134454257246377 0.8743489583333334
3 0.3252094655797102 0.42994225543478265 0.42003509963768115 0.456833106884058 0.3818217844202899 0.5403362771739131 0.30256453804347827 0.49787703804347827
