2 0.44880922379032256 0.15111517137096772 0.41100680443548393 0.1715914818548387 0.3795047883064517 0.10543724798387095 0.49606224798387094 0.07551033266129031 0.5275642641129032 0.1841922883064516 0.44880922379032256 0.18734248991935484
2 0.776430191532258 0.8032069052419355 0.8646358366935485 0.7780052923387096 0.9150390625 0.8929876512096774 0.7937563004032258 0.9292149697580645
2 0.2944493447580645 0.7181514616935484 0.2802734375 0.6252205141129032 0.39053049395161293 0.601594002016129 0.41100680443548393 0.6945249495967741
3 0.760679183467742 0.32280115927419356 0.7638293850806452 0.2771232358870968 0.8567603326612905 0.29759954637096775 0.850459929435484 0.35587827620967744
2 0.06605972782258066 0.7811554939516129 0.06605972782258066 0.7039755544354839 0.1589906754032258 0.6913747479838709 0.16371597782258068 0.7669795866935484
3 0.6236454133064517 0.5574911794354839 0.740202872983871 0.5480405745967741 0.740202872983871 0.6110446068548386 0.6220703125 0.6189201108870968
1 0.11646295362903225 0.45038432459677424 0.10701234879032256 0.39053049395161293 0.17474168346774194 0.3732043850806452 0.21096900201612906 0.42518271169354843
2 0.1479649697580645 0.32752646169354843 0.14166456653225806 0.24089591733870966 0.22672001008064518 0.22829511088709678 0.2503465221774194 0.3023248487903226
2 0.010931199596774216 0.6913747479838709 0.009356098790322592 0.6756237399193548 0.01565650201612903 0.6645980342741935 0.010931199596774216 0.6362462197580645 0.02983240927419356 0.6346711189516129 0.031407510080645185 0.6173450100806451 0.08968623991935484 0.5858429939516129 0.09126134072580647 0.6110446068548386 0.12118825604838712 0.5968686995967741 0.13851436491935487 0.6393964213709677 0.11016255040322581 0.6488470262096774 0.11331275201612906 0.6630229334677419 0.048733618951612906 0.699250252016129 0.037707913306451624 0.6897996471774194
0 0.565366683467742 0.5212638608870968 0.5795425907258065 0.4566847278225807 0.6961000504032258 0.4818863407258065 0.6850743447580645 0.5417401713709677 0.606319304435484 0.5496156754032258
0 0.41415700604838707 0.7937563004032258 0.4031313004032258 0.7024004536290323 0.4708606350806452 0.6866494455645161 0.48976184475806456 0.7890309979838709
2 0.878811743951613 0.7512285786290323 0.891412550403226 0.678773941532258 0.998046875 0.6942281914738194 0.9874936995967742 0.7669795866935484
3 0.3432774697580645 0.4818863407258065 0.4236076108870968 0.46613533266129037 0.4362084173387097 0.5291393649193548 0.3401272681451613 0.5401650705645161
2 0.3275264616935484 0.8551852318548386 0.3306766633064516 0.7213016633064516 0.40628150201612906 0.7260269657258064 0.40628150201612906 0.8473097278225806 0.3590284778225807 0.8488848286290323 0.3448525705645161 0.8614856350806451
0 0.5464654737903225 0.9213394657258064 0.5385899697580645 0.8299836189516129 0.5968686995967742 0.8268334173387096 0.601594002016129 0.9355153729838709
3 0.7543787802419355 0.11803805443548386 0.7984816028225807 0.11488785282258064 0.7874558971774193 0.09283644153225806 0.8158077116935485 0.08653603830645161 0.8158077116935485 0.10386214717741934 0.919764364919355 0.08023563508064516 0.927639868951613 0.12906376008064516 0.837859122983871 0.1353641633064516 0.850459929435484 0.1605657762096774 0.7543787802419355 0.1715914818548387
3 0.1794669858870968 0.6063193044354839 0.1589906754032258 0.5102381552419355 0.2660975302419355 0.4771610383064516 0.30705015120967744 0.581117691532258
