2 0.48346144153225806 0.503937752016129 0.5291393649193548 0.4866116431451613 0.5417401713709677 0.5149634576612903 0.5637915826612903 0.4992124495967742 0.585842993951613 0.5669417842741935 0.5196887600806452 0.6031691028225806
3 0.31177545362903225 0.2078188004032258 0.3480027721774194 0.13693926411290322 0.4078566028225807 0.1605657762096774 0.36217867943548393 0.2534967237903226
1 0.3684790826612903 0.3606035786290323 0.39210559475806456 0.3038999495967742 0.45983492943548393 0.3306766633064516 0.43463331653225806 0.4031313004032258
1 0.4582598286290323 0.6913747479838709 0.4992124495967742 0.6708984375 0.5559160786290323 0.7386277721774194 0.48976184475806456 0.7591040826612903
3 0.059759324596774216 0.35587827620967744 0.09598664314516131 0.2897240423387097 0.08653603830645162 0.2802734375 0.08968623991935484 0.27082283266129037 0.02668220766129034 0.21569430443548387 0.0 0.23837418094758064 0.021956905241935498 0.27082283266129037 0.0 0.2976590501792115 0.010931199596774216 0.3306766633064516
1 0.7622542842741935 0.29759954637096775 0.8268334173387097 0.22829511088709678 0.870936239919355 0.25822202620967744 0.8158077116935485 0.3306766633064516
3 0.845734627016129 0.3448525705645161 0.886687247983871 0.29287424395161293 0.9181892641129032 0.32280115927419356 0.8882623487903227 0.37162928427419356 0.8693611391129032 0.3747794858870968 0.8347089213709677 0.3606035786290323
3 0.7055506552419355 0.1841922883064516 0.7575289818548387 0.12748865927419353 0.7937563004032258 0.1715914818548387 0.7354775705645162 0.22672001008064516
1 0.6204952116935485 0.10228704637096774 0.6078944052419355 0.015656502016129028 0.6661731350806452 0.006205897177419351 0.678773941532258 0.08811113911290322
3 0.9008631552419355 0.10386214717741934 0.9591418850806452 0.07078503024193547 0.9937941028225807 0.14166456653225806 0.9465410786290323 0.17474168346774194
