2 0.2496181860902256 0.42657424812030076 0.24374412593984965 0.3237781954887218 0.3553512687969925 0.32524671052631576 0.35241423872180455 0.42804276315789475
2 0.2907366071428572 0.9185267857142857 0.28350750811688313 0.998046875 0.39206414473684204 0.998046875 0.397938204887218 0.9155897556390977 0.3538827537593985 0.9141212406015038 0.3553512687969925 0.9361489661654135
2 0.11598331766917294 0.9258693609022557 0.1336054981203008 0.8289473684210527 0.209968280075188 0.8436325187969925 0.209968280075188 0.8832824248120301 0.2510867011278196 0.892093515037594 0.24080709586466167 0.9523026315789473 0.19381461466165414 0.9332119360902256 0.15563322368421054 0.9258693609022557 0.15710173872180452 0.9434915413533834
2 0.1336054981203008 0.8171992481203008 0.14535361842105263 0.7423049812030076 0.2716459116541353 0.7525845864661654 0.2378700657894737 0.8509750939849624
0 0.6270265507518796 0.6351033834586467 0.5565378289473684 0.5190906954887219 0.6578653665413533 0.46769266917293234 0.6975152725563909 0.5499295112781956 0.6563968515037594 0.5646146616541353 0.6857671522556391 0.605733082706767
3 0.6270265507518796 0.9523026315789473 0.6402431860902256 0.892093515037594 0.691641212406015 0.9023731203007519 0.687235667293233 0.9537711466165414
2 0.5359786184210527 0.9772673872180451 0.5462582236842105 0.9053101503759399 0.5256990131578947 0.8891564849624061 0.5256990131578947 0.887687969924812 0.5462582236842105 0.8186677631578948 0.6329006109022556 0.8157307330827068 0.6255580357142857 0.997826597744361
3 0.3112958176691729 0.5866423872180452 0.32010690789473684 0.5352443609022557 0.35975681390977443 0.5367128759398496 0.3465401785714286 0.596921992481203
3 0.3230439379699248 0.6160126879699248 0.38472156954887216 0.6233552631578948 0.397938204887218 0.6042645676691729 0.34066611842105265 0.5910479323308271
2 0.47283247180451127 0.41629464285714285 0.5212934680451128 0.3458059210526316 0.6417117011278195 0.4118890977443609 0.5888451597744361 0.48384633458646614
3 0.16297579887218047 0.5690202067669173 0.16884985902255642 0.5411184210526316 0.22171640037593984 0.5455239661654135 0.21731085526315788 0.5719572368421053
3 0.787094689849624 0.5837053571428572 0.8267445958646616 0.5425869360902256 0.8649259868421053 0.5763627819548872 0.8296816259398496 0.6189497180451128
3 0.8517093515037594 0.5602091165413534 0.886953712406015 0.5176221804511278 0.9398202537593985 0.5704887218045113 0.8987018327067668 0.6160126879699248
2 0.8223390507518796 0.36342810150375937 0.7724095394736842 0.3311207706766917 0.8722685620300752 0.16664708646616544 0.9221980733082706 0.19601738721804512 0.8884222274436089 0.22245065789473686 0.978001644736842 0.2665061090225564 0.9442257988721805 0.3223096804511278 0.9163240131578947 0.30909304511278196 0.9089814379699248 0.32671522556390975 0.9295406484962405 0.3355263157894737 0.8840166823308271 0.3839873120300752
2 0.5594748590225563 0.062382518796992505 0.5844396146616541 0.01539003759398499 0.6417117011278195 0.05503994360902258 0.6226210056390977 0.11671757518796994
3 0.5433211936090225 0.09615836466165416 0.46842692669172925 0.06091400375939852 0.500734257518797 0.03888627819548875 0.5580063439849624 0.0711936090225564
3 0.6681449718045113 0.2929393796992481 0.7063263627819548 0.24154135338345867 0.7621299342105263 0.2650375939849624 0.7327596334586466 0.31790413533834583
3 0.6798930921052632 0.19308035714285718 0.7122004229323308 0.1402138157894737 0.7503818139097744 0.16664708646616544 0.7092633928571428 0.23273026315789477
1 0.15269619360902256 0.2753171992481203 0.15269619360902256 0.23566729323308272 0.22024788533834586 0.2195136278195489 0.21290531015037598 0.2679746240601504 0.16884985902255642 0.2753171992481203
3 0.7591929041353384 0.2518209586466165 0.7797521146616541 0.2312617481203008 0.788563204887218 0.24741541353383462 0.8061853853383458 0.22245065789473686 0.8164649906015037 0.23273026315789477 0.7841576597744361 0.26944313909774437
2 0.0043761748120300925 0.1783952067669173 0.12773143796992484 0.16811560150375943 0.14094807330827072 0.2371358082706767 0.14535361842105263 0.29000234962406013 0.06752232142857145 0.2958764097744361 0.06899083646616544 0.24594689849624063 0.0 0.24738420758928575
2 0.14388510338345864 0.42804276315789475 0.15122767857142858 0.38692434210526316 0.14388510338345864 0.35608552631578944 0.16738134398496243 0.35608552631578944 0.1600387687969925 0.32524671052631576 0.2510867011278196 0.3164356203007519 0.25696076127819545 0.44419642857142855
