2 0.43277287137681164 0.362007472826087 0.5559046648550724 0.3478543931159421 0.5601505887681159 0.4455106431159421 0.4313575634057971 0.4525871829710145
3 0.42569633152173914 0.454002490942029 0.5615658967391304 0.44834125905797106 0.5601505887681159 0.5077841938405797 0.4242810235507246 0.5219372735507246
3 0.4313575634057971 0.5077841938405797 0.5502434329710144 0.5035382699275363 0.5573199728260869 0.5757189764492754 0.43418817934782605 0.5827955163043479
3 0.4384341032608696 0.5842108242753623 0.5672271286231884 0.5771342844202899 0.5672271286231884 0.646484375 0.43418817934782605 0.6436537590579711
3 0.4242810235507246 0.6563915307971014 0.5700577445652174 0.6478996829710145 0.5672271286231884 0.7200803894927537 0.42852694746376807 0.7158344655797102
3 0.27425837862318847 0.38606770833333337 0.40446671195652173 0.37616055253623193 0.41154325181159424 0.44409533514492755 0.2770889945652174 0.4639096467391305
3 0.2685971467391305 0.44975656702898553 0.4157891757246377 0.4426800271739131 0.4214504076086957 0.5148607336956522 0.2756736865942029 0.5162760416666667
3 0.2827502264492754 0.5106148097826088 0.41154325181159424 0.5063688858695652 0.41861979166666663 0.5700577445652174 0.2898267663043479 0.5771342844202899
2 0.27425837862318847 0.5813802083333334 0.4313575634057971 0.5728883605072463 0.42569633152173914 0.6563915307971014 0.2756736865942029 0.6563915307971014
1 0.27991961050724634 0.6662986865942029 0.4072973278985508 0.6563915307971014 0.4172044836956522 0.732818161231884 0.2841655344202899 0.7413100090579711
2 0.1058367300724638 0.7540477807971014 0.17801743659420294 0.7455559329710145 0.17801743659420294 0.950775588768116 0.10442142210144931 0.9465296648550725
3 0.6677139945652173 0.32662477355072467 0.7837692481884058 0.3167176177536232 0.7894304800724637 0.38889832427536236 0.6691293025362318 0.38889832427536236
2 0.6535609148550724 0.38606770833333337 0.7809386322463767 0.3789911684782609 0.7894304800724637 0.4582484148550725 0.652145606884058 0.456833106884058
2 0.6620527626811594 0.45117187500000006 0.7979223278985507 0.4455106431159421 0.8035835597826086 0.5275985054347826 0.6578068387681159 0.5261831974637682
2 0.6578068387681159 0.5275985054347826 0.8021682518115941 0.5162760416666667 0.7993376358695652 0.5955332880434783 0.6507302989130435 0.5955332880434783
2 0.8049988677536232 0.31247169384057977 0.933791893115942 0.30539515398550726 0.9408684329710144 0.39455955615942034 0.7965070199275361 0.40305140398550726
0 0.8205672554347826 0.3931442481884058 0.9493602807971013 0.3846524003623189 0.9536062047101449 0.454002490942029 0.824813179347826 0.4667402626811594
1 0.8134907155797101 0.5233525815217391 0.8658571105072463 0.5176913496376812 0.8715183423913043 0.5827955163043479 0.8177366394927535 0.5898720561594203
3 0.8177366394927535 0.4667402626811594 0.9436990489130435 0.45117187500000006 0.9564368206521738 0.5332597373188406 0.8191519474637681 0.5389209692028986
3 0.652145606884058 0.7045120018115942 0.652145606884058 0.6054404438405797 0.7314028532608695 0.6026098278985508 0.7342334692028984 0.7073426177536232
2 0.7314028532608695 0.6068557518115942 0.8007529438405797 0.6082710597826088 0.8021682518115941 0.7101732336956522 0.727156929347826 0.7045120018115942
2 0.8035835597826086 0.6068557518115942 0.8771795742753623 0.5969485960144928 0.8828408061594202 0.7016813858695652 0.7950917119565217 0.7016813858695652
0 0.8927479619565217 0.6026098278985508 0.9521908967391304 0.5955332880434783 0.9550215126811593 0.7016813858695652 0.8800101902173912 0.7002660778985508
3 0.22613790760869568 0.8517040307971014 0.2983186141304348 0.8460427989130435 0.2969033061594203 0.9620980525362318 0.2218919836956522 0.9550215126811594
2 0.3053951539855073 0.8078294836956522 0.3690840126811594 0.8035835597826086 0.3804064764492754 0.9635133605072463 0.2983186141304348 0.9677592844202898
3 0.4299422554347826 0.8318897192028986 0.4950464221014492 0.8290591032608695 0.5007076539855072 0.9479449728260869 0.43418817934782605 0.9550215126811594
3 0.3620074728260869 0.8347203351449275 0.4440953351449275 0.8233978713768116 0.445510643115942 0.9705899003623188 0.3620074728260869 0.9592674365942029
3 0.4922158061594203 0.8333050271739131 0.5728883605072463 0.830474411231884 0.5686424365942029 0.9578521286231884 0.49080049818840576 0.9606827445652174
3 0.5658118206521738 0.8347203351449275 0.6337466032608695 0.8276437952898551 0.6365772192028986 0.9521908967391304 0.5573199728260869 0.9479449728260869
2 0.6337466032608695 0.8134907155797102 0.6889436141304347 0.8078294836956522 0.7087579257246376 0.9606827445652174 0.6280853713768115 0.9691745923913043
3 0.6974354619565217 0.8276437952898551 0.7639549365942029 0.824813179347826 0.7682008605072463 0.9465296648550725 0.7002660778985507 0.9436990489130435
2 0.7667855525362318 0.8318897192028986 0.8403815670289855 0.8276437952898551 0.8375509510869564 0.939453125 0.7625396286231884 0.945114356884058
3 0.8955785778985507 0.8177366394927537 0.9592674365942029 0.8092447916666666 0.9606827445652173 0.945114356884058 0.8941632699275361 0.9408684329710145
2 0.36483808876811596 0.04214787137681163 0.445510643115942 0.025164175724637722 0.456833106884058 0.18792459239130438 0.37616055253623193 0.2020776721014493
3 0.24736752717391305 0.056300951086956555 0.3096410778985508 0.04639379528985511 0.32804008152173914 0.16952558876811596 0.26718183876811596 0.1780174365942029
2 0.17377151268115945 0.06479279891304351 0.2402909873188406 0.050639719202898587 0.261520606884058 0.1808480525362319 0.1850939764492754 0.1836786684782609
2 0.10300611413043481 0.07186933876811598 0.1850939764492754 0.06054687500000003 0.20915421195652176 0.21198482789855075 0.12282042572463772 0.21481544384057974
3 0.04356317934782612 0.08743772644927539 0.10442142210144931 0.07753057065217395 0.12989696557971017 0.1836786684782609 0.07045403079710148 0.19641644021739132
3 0.7724467844202898 0.10300611413043481 0.8545346467391304 0.09876019021739134 0.8601958786231884 0.1398041213768116 0.7667855525362318 0.1454653532608696
3 0.5757189764492753 0.015257019927536272 0.6365772192028986 0.006765172101449316 0.6549762228260869 0.12989696557971017 0.5842108242753623 0.13838881340579712
2 0.7710314764492753 0.0011039402173913461 0.8347203351449275 0.0011039402173913461 0.8517040307971014 0.09876019021739134 0.7781080163043478 0.11008265398550728
