1 0.009356098790322592 0.032982610887096774 0.12118825604838712 0.061334425403225805 0.07708543346774194 0.1337890625 0.0014805947580645296 0.12591355846774194
3 0.02983240927419356 0.16214087701612903 0.07866053427419356 0.15584047379032256 0.11803805443548387 0.16214087701612903 0.1337890625 0.24247101814516128 0.07708543346774194 0.2534967237903226 0.06920992943548387 0.22514490927419353 0.034557711693548404 0.22987021169354838
1 0.034557711693548404 0.25822202620967744 0.1337890625 0.24247101814516128 0.14008946572580644 0.3023248487903226 0.04243321572580647 0.3117754536290323
3 0.05345892137096775 0.36690398185483875 0.13536416330645162 0.34642767137096775 0.1479649697580645 0.42518271169354843 0.06605972782258066 0.4377835181451613
3 0.08811113911290325 0.503937752016129 0.18419228830645162 0.4944871471774194 0.19521799395161293 0.5732421875 0.0975617439516129 0.5905682963709677
1 0.09126134072580647 0.6567225302419355 0.16371597782258068 0.6362462197580645 0.18104208669354838 0.6756237399193548 0.09913684475806453 0.707125756048387
1 0.12433845766129031 0.776430191532258 0.21096900201612906 0.7717048891129032 0.21411920362903225 0.8299836189516129 0.13851436491935487 0.8425844254032258
3 0.28657384072580644 0.6441217237903225 0.36217867943548393 0.6173450100806451 0.3889553931451613 0.678773941532258 0.30705015120967744 0.7024004536290323
1 0.3023248487903226 0.7386277721774194 0.3952557963709678 0.7181514616935484 0.4031313004032258 0.8032069052419355 0.31177545362903225 0.8173828125
3 0.4503843245967742 0.7008253528225806 0.5559160786290323 0.6913747479838709 0.5700919858870968 0.7858807963709677 0.4566847278225807 0.796906502016129
3 0.6267956149193548 0.6976751512096774 0.7165763608870968 0.6882245463709677 0.7197265625 0.7370526713709677 0.6362462197580645 0.7496534778225806
3 0.49763734879032256 0.06920992943548386 0.6330960181451613 0.06290952620967741 0.634671118951613 0.10386214717741934 0.511813256048387 0.1211882560483871
3 0.4031313004032258 0.24877142137096772 0.5259891633064517 0.2456212197580645 0.5181136592741935 0.30705015120967744 0.4078566028225807 0.30862525201612906
3 0.5590662802419355 0.1841922883064516 0.5732421875 0.1826171875 0.5716670866935485 0.1715914818548387 0.5921433971774193 0.16686617943548387 0.593718497983871 0.18576738911290322 0.6330960181451613 0.17789188508064516 0.6267956149193548 0.23459551411290322 0.557491179435484 0.23617061491935484
3 0.560641381048387 0.2960244455645161 0.6567225302419355 0.28814894153225806 0.6693233366935485 0.34170236895161293 0.5732421875 0.3590284778225807
3 0.45353452620967744 0.38580519153225806 0.5212638608870968 0.3747794858870968 0.5259891633064517 0.40470640120967744 0.45983492943548393 0.41888230846774194
3 0.5685168850806452 0.3637537802419355 0.6756237399193548 0.349577872983871 0.6850743447580645 0.4031313004032258 0.5874180947580645 0.42045740927419356
3 0.44880922379032256 0.4614100302419355 0.4866116431451613 0.4488092237903226 0.48818674395161293 0.4771610383064516 0.4503843245967742 0.4818863407258065
3 0.5212638608870968 0.45353452620967744 0.6110446068548387 0.4362084173387097 0.6189201108870968 0.46613533266129037 0.6031691028225807 0.46771043346774194 0.609469506048387 0.48346144153225806 0.5102381552419355 0.5070879536290323 0.5007875504032258 0.4818863407258065 0.5228389616935485 0.4755859375
3 0.8599105342741937 0.8378591229838709 0.9622920866935485 0.7811554939516129 0.996944304435484 0.8410093245967741 0.8929876512096775 0.9008631552419355
3 0.7953314012096775 0.6708984375 0.8536101310483872 0.6708984375 0.8630607358870968 0.7402028729838709 0.8032069052419355 0.7465032762096774
3 0.7433530745967742 0.1731665826612903 0.776430191532258 0.16844128024193547 0.7732799899193548 0.14481476814516128 0.8079322076612903 0.14008946572580644 0.8189579133064517 0.2093939012096774 0.7433530745967742 0.21411920362903225
1 0.7575289818548387 0.3102003528225807 0.8473097278225807 0.3023248487903226 0.8536101310483872 0.38107988911290325 0.7701297883064517 0.3889553931451613
1 0.7748550907258065 0.4125819052419355 0.8410093245967742 0.41573210685483875 0.8331338205645162 0.4818863407258065 0.7669795866935485 0.48346144153225806
3 0.6078944052419355 0.8583354334677419 0.655147429435484 0.8425844254032258 0.6819241431451613 0.9040133568548386 0.6598727318548387 0.9134639616935484 0.6598727318548387 0.9292149697580645 0.6236454133064517 0.9386655745967741
3 0.37005418346774194 0.9040133568548386 0.4299080141129032 0.8961378528225806 0.4519594254032258 0.9638671875 0.3873802923387097 0.9780430947580645
1 0.2944493447580645 0.9370904737903225 0.3590284778225807 0.9197643649193548 0.3774478919592031 0.998046875 0.3102003528225807 0.9953692036290323
3 0.9465410786290323 0.13221396169354838 0.998046875 0.12649109543010753 0.996944304435484 0.22356980846774194 0.9544165826612905 0.2219947076612903
3 0.9134639616935485 0.3795047883064516 0.998046875 0.3722131578489989 0.998046875 0.4283329133064516 0.927639868951613 0.43463331653225806
3 0.9118888608870968 0.25979712701612906 0.998046875 0.24441176735311063 0.998046875 0.3291015625 0.9339402721774195 0.33697706653225806
