1 0.49080049818840576 0.9054857336956522 0.5743036684782609 0.9182235054347826 0.5629812047101449 0.9960654438405797 0.4851392663043478 0.9932348278985507
1 0.45541779891304346 0.4908004981884058 0.5516587409420289 0.4936311141304348 0.5417515851449275 0.6111016757246377 0.44692595108695654 0.5969485960144928
1 0.2841655344202899 0.8984091938405797 0.35634624094202905 0.9040704257246377 0.3620074728260869 0.9578521286231884 0.2756736865942029 0.9592674365942029
3 0.21340013586956524 0.8573652626811594 0.27284307065217395 0.8644418025362319 0.26718183876811596 0.9125622735507246 0.21198482789855075 0.9069010416666666
2 0.34219316123188404 0.5856261322463768 0.4525871829710145 0.6195935235507246 0.4228657155797102 0.7030966938405797 0.30681046195652173 0.6719599184782609
1 0.4426800271739131 0.2898267663043479 0.42003509963768115 0.3846524003623189 0.5134454257246377 0.40871263586956524 0.531844429347826 0.3011492300724638
1 0.32804008152173914 0.26152060688405804 0.4101279438405797 0.29265738224637683 0.34926970108695654 0.4016360960144928 0.2756736865942029 0.3662533967391305
3 0.5261831974637681 0.16811028079710147 0.6238394474637681 0.17660212862318844 0.6224241394927535 0.25868999094202905 0.5148607336956521 0.2431216032608696
2 0.2700124547101449 0.7894304800724637 0.36342278079710144 0.8007529438405797 0.3549309329710145 0.8913326539855072 0.26435122282608703 0.8927479619565217
2 0.27425837862318847 0.37332993659420294 0.34219316123188404 0.4072973278985508 0.29973392210144933 0.4667402626811594 0.2374603713768116 0.43277287137681164
2 0.15254189311594205 0.6111016757246377 0.2459522192028986 0.6422384510869565 0.21764605978260873 0.7299875452898551 0.12140511775362323 0.7016813858695652
3 0.05205502717391308 0.8488734148550725 0.14971127717391308 0.9054857336956522 0.06836966814888011 0.998046875 0.012426403985507286 0.936622509057971
1 0.0025192481884058378 0.03648663949275366 0.04639379528985511 0.003934556159420332 0.08177649456521742 0.04356317934782612 0.022333559782608738 0.09451426630434785
