2 0.837859122983871 0.16844128024193547 0.8898374495967742 0.13221396169354838 0.858335433467742 0.11803805443548386 0.8977129536290323 0.09913684475806452 0.976467993951613 0.16844128024193547 0.9449659778225807 0.18104208669354838 0.9607169858870968 0.20309349798387097 0.891412550403226 0.22672001008064516
2 0.9213394657258065 0.7228767641129032 0.998046875 0.7402444794202677 0.998046875 0.8378591229838709 0.8882623487903227 0.8063571068548386
2 0.8536101310483872 0.9591418850806451 0.899288054435484 0.845734627016129 0.998046875 0.8791606893610422 0.9670173891129032 0.9953692036290323
0 0.7291771673387097 0.9559916834677419 0.760679183467742 0.8898374495967741 0.8536101310483872 0.9166141633064516 0.8079322076612903 0.9906439012096774
2 0.3102003528225807 0.894562752016129 0.34642767137096775 0.8551852318548386 0.3684790826612903 0.8819619455645161 0.3968308971774193 0.8425844254032258 0.47401083669354843 0.8914125504032258 0.39053049395161293 0.9733177923387096
2 0.760679183467742 0.8725113407258064 0.7795803931451613 0.8079322076612903 0.8851121471774195 0.845734627016129 0.858335433467742 0.9118888608870968
3 0.1936428931451613 0.894562752016129 0.23302041330645162 0.8284085181451613 0.2660975302419355 0.8725113407258064 0.2408959173387097 0.9213394657258064
2 0.43463331653225806 0.9890688004032258 0.516538558467742 0.9386655745967741 0.5354397681451613 0.9087386592741935 0.6031691028225807 0.9733177923387096 0.5614387758316531 0.998046875 0.48976184475806456 0.998046875
3 0.45353452620967744 0.8520350302419355 0.4724357358870968 0.825258316532258 0.5149634576612903 0.8378591229838709 0.48346144153225806 0.8693611391129032
2 0.10228704637096775 0.0723601310483871 0.12748865927419356 0.004630796370967739 0.19836819556451613 0.026682207661290317 0.1794669858870968 0.11646295362903225
