1 0.4816435620300752 0.2944078947368421 0.4948601973684211 0.18573778195488724 0.5741600093984963 0.19454887218045117 0.5580063439849624 0.2958764097744361
1 0.7268855733082707 0.3046875 0.7680039943609023 0.2371358082706767 0.8194020206766918 0.2518209586466165 0.7694725093984963 0.3340578007518797
3 0.31863839285714285 0.397203947368421 0.4140918703007519 0.35167998120300753 0.44933623120300753 0.4221687030075188 0.35681978383458646 0.47356672932330823
1 0.24080709586466167 0.3046875 0.21437382518796994 0.22538768796992484 0.27898848684210525 0.1974859022556391 0.3215754229323308 0.2841282894736842
1 0.0822074718045113 0.2767857142857143 0.15710173872180452 0.24300986842105265 0.1996886748120301 0.32524671052631576 0.11745183270676693 0.36342810150375937
3 0.1585702537593985 0.5631461466165414 0.10717222744360905 0.4486019736842105 0.1791294642857143 0.4192316729323308 0.2378700657894737 0.5396499060150376
3 0.17472391917293234 0.5925164473684211 0.2452126409774436 0.5837053571428572 0.2584292763157895 0.6703477443609023 0.18353500939849626 0.6703477443609023
1 0.2657718515037594 0.5528665413533835 0.25108670112781956 0.43391682330827064 0.32010690789473684 0.4221687030075188 0.3465401785714286 0.5425869360902256
1 0.8076539003759399 0.016858552631578975 0.8621199934933489 0.0 0.8854851973684211 0.05210291353383461 0.8149964755639099 0.07559915413533837
1 0.8296816259398496 0.07853618421052633 0.892827772556391 0.05797697368421055 0.9075129229323309 0.09468984962406017 0.8443667763157895 0.11818609022556392
1 0.5726914943609023 0.0036419172932331094 0.6446487312030076 0.0007048872180451396 0.6608023966165414 0.02860667293233085 0.5917821898496242 0.062382518796992505
3 0.8487723214285715 0.6321663533834587 0.9412887687969925 0.5690202067669173 0.985344219924812 0.6292293233082707 0.9031073778195489 0.70265507518797
