1 0.595424107142857 0.33984375 0.66015625 0.41127232142857145 0.7092633928571428 0.36439732142857145 0.642299107142857 0.3074776785714286
1 0.569304435483871 0.2818485383064516 0.5913558467741936 0.22829511088709678 0.6764112903225806 0.2676726310483871 0.6354586693548387 0.33225176411290325
2 0.7724924395161291 0.5448903729838709 0.8780241935483872 0.46613533266129037 0.947328629032258 0.5968686995967741 0.8323462701612903 0.6645980342741935
0 0.8402217741935485 0.8284085181451613 0.8874747983870968 0.7307522681451613 0.9819808467741935 0.7906060987903225 0.9300025201612903 0.8866872479838709
3 0.26530997983870963 0.2755481350806452 0.2716103830645161 0.2204196068548387 0.3377646169354839 0.2093939012096774 0.34406502016129037 0.28814894153225806
3 0.4936995967741936 0.18576738911290322 0.5724546370967742 0.16214087701612903 0.6086819556451614 0.2204196068548387 0.5315020161290323 0.2550718245967742
3 0.6685357862903226 0.17789188508064516 0.7142137096774194 0.24247101814516128 0.7520161290322581 0.2093939012096774 0.7110635080645161 0.15111517137096772
2 0.1361517137096774 0.5401650705645161 0.21175655241935484 0.5212638608870968 0.22750756048387097 0.6378213205645161 0.14087701612903228 0.6267956149193548
2 0.09204889112903228 0.7055506552419355 0.13772681451612903 0.6063193044354839 0.23223286290322578 0.629945816532258 0.14717741935483872 0.7575289818548386
2 0.7945438508064516 0.08496093749999999 0.8937752016129032 0.05345892137096774 0.9174017137096775 0.14481476814516128 0.8291960685483872 0.18104208669354838
2 0.9347278225806452 0.4267578125 0.9867061491935485 0.3385521673387097 0.998046875 0.3536731350806451 0.998046875 0.4708606350806452
