1 0.4919231672932331 0.39573543233082703 0.515419407894737 0.29881343984962405 0.607935855263158 0.31790413533834583 0.5903136748120301 0.42657424812030076
1 0.8149964755639099 0.5881109022556391 0.8913592575187971 0.5558035714285715 0.9177925281954887 0.6527255639097744 0.8473038063909775 0.6879699248120301
3 0.4405251409774436 0.7819548872180452 0.3715049342105263 0.7129346804511278 0.4405251409774436 0.6541940789473685 0.5110138627819549 0.7364309210526316
1 0.45814732142857145 0.5822368421052632 0.5638804041353384 0.5484609962406015 0.5903136748120301 0.6262922932330828 0.46255286654135336 0.6541940789473685
3 0.8884222274436091 0.8627232142857143 0.9647850093984963 0.8465695488721805 0.98828125 0.9596452067669173 0.898701832706767 0.9743303571428572
3 0.6240895206766918 0.7892974624060151 0.7077948778195489 0.7834234022556391 0.7239485432330828 0.9053101503759399 0.6270265507518797 0.9053101503759399
3 0.509545347744361 0.8142622180451128 0.5536007988721805 0.8157307330827068 0.5565378289473685 0.801045582706767 0.600593280075188 0.7995770676691729 0.6108728853383459 0.9067786654135338 0.5198249530075189 0.9097156954887218
3 0.7092633928571429 0.7349624060150376 0.7254170582706767 0.8509750939849624 0.8443667763157895 0.8230733082706767 0.8076539003759399 0.7276198308270677
3 0.6519913063909775 0.28706531954887216 0.7298226033834587 0.26210056390977443 0.7489132988721805 0.3546170112781955 0.6578653665413534 0.3722391917293233
3 0.8517093515037595 0.398672462406015 0.8561148966165414 0.29000234962406013 0.9031073778195489 0.28706531954887216 0.9031073778195489 0.3193726503759398 0.9427572838345865 0.3164356203007519 0.9530368890977444 0.398672462406015
