2 0.5700919858870968 0.6441217237903225 0.6693233366935485 0.6346711189516129 0.678773941532258 0.7339024697580645 0.5826927923387097 0.7528036794354839
2 0.6724735383064517 0.6645980342741935 0.7134261592741935 0.6567225302419355 0.7087008568548387 0.7244518649193548 0.6661731350806452 0.7260269657258064
2 0.5244140625 0.4283329133064516 0.6000189012096775 0.3889553931451613 0.6267956149193548 0.4771610383064516 0.5590662802419355 0.5007875504032258
1 0.3259513608870968 0.1337890625 0.2755481350806452 0.04243321572580645 0.34642767137096775 0.0014805947580645129 0.4031313004032258 0.11646295362903225
2 0.4913369455645162 0.21254410282258063 0.4724357358870968 0.16529107862903225 0.4850365423387097 0.1605657762096774 0.46771043346774194 0.13851436491935484 0.5511907762096775 0.09598664314516128 0.585842993951613 0.1715914818548387
1 0.37635458669354843 0.8268334173387096 0.39210559475806456 0.7669795866935484 0.45510962701612906 0.8000567036290323 0.43463331653225806 0.8599105342741935
1 0.5637915826612903 0.6173450100806451 0.5590662802419355 0.5370148689516129 0.6330960181451613 0.5244140625 0.6488470262096775 0.6063193044354839
1 0.4314831149193548 0.010931199596774192 0.49082391273041476 0.0 0.5354397681451613 0.05660912298387097 0.4645602318548387 0.10071194556451613
2 0.3291015625 0.3795047883064516 0.4566847278225807 0.3779296875 0.45983492943548393 0.532289566532258 0.34642767137096775 0.5212638608870968
1 0.508663054435484 0.29444934475806456 0.5417401713709677 0.3448525705645161 0.593718497983871 0.30862525201612906 0.5669417842741935 0.2534967237903226 0.5511907762096775 0.23774571572580644 0.5070879536290323 0.2660975302419355
2 0.829983618951613 0.5070879536290323 0.8000567036290323 0.4330582157258065 0.9323651713709677 0.40155619959677424 0.9638671875 0.4913369455645161
3 0.4519594254032258 0.5165385584677419 0.4944871471774193 0.5149634576612903 0.5023626512096775 0.5574911794354839 0.46298513104838707 0.5637915826612903
3 0.05503402217741937 0.8929876512096774 0.1574155745967742 0.8693611391129032 0.18734248991935487 0.9748928931451613 0.06605972782258066 0.9969443044354839
