1 0.7430392387218046 0.08881578947368422 0.8179335056390978 0.04182330827067672 0.8810796522556391 0.12552866541353386 0.795905780075188 0.18426926691729326
3 0.6784245770676692 0.2767857142857143 0.7445077537593985 0.24007283834586468 0.8105909304511278 0.3296522556390977 0.7356966635338347 0.37517622180451127
3 0.21437382518796994 0.5161536654135339 0.3362605733082707 0.5117481203007519 0.33038651315789475 0.596921992481203 0.20262570488721807 0.6101386278195489
3 0.25108670112781956 0.4632871240601504 0.24080709586466167 0.32818374060150374 0.3480086936090226 0.307624530075188 0.3641623590225564 0.4500704887218045
3 0.4831120770676692 0.20335996240601506 0.5286360432330828 0.1593045112781955 0.5682859492481204 0.20042293233082709 0.5168879229323309 0.25916353383458646
3 0.5418526785714286 0.28559680451127817 0.5800340695488723 0.20482847744360905 0.6519913063909775 0.24007283834586468 0.6446487312030076 0.26944313909774437 0.6652079417293234 0.2811912593984962 0.6387746710526316 0.33846334586466165
3 0.39646968984962405 0.10937500000000001 0.48604910714285715 0.018327067669172956 0.5447897086466166 0.07706766917293235 0.45667880639097747 0.17398966165413537
3 0.013187265037594013 0.35021146616541354 0.08073895676691731 0.3223096804511278 0.11745183270676693 0.4192316729323308 0.03962053571428574 0.4486019736842105
1 0.12626292293233085 0.24447838345864664 0.14535361842105265 0.16517857142857145 0.1996886748120301 0.18133223684210528 0.19087758458646617 0.27238016917293234
3 0.0528371710526316 0.2180451127819549 0.07045935150375943 0.15343045112781958 0.17472391917293234 0.16371005639097747 0.12479440789473686 0.24888392857142858
3 0.8708000469924813 0.7834234022556391 0.8884222274436091 0.6688792293233083 0.994155310150376 0.689438439849624 0.9780016447368421 0.801045582706767
