2 0.698983787593985 0.692375469924812 0.8105909304511278 0.6820958646616542 0.8164649906015038 0.7790178571428572 0.7063263627819549 0.7966400375939849
2 0.9016388627819549 0.6439144736842105 0.992686795112782 0.6306978383458647 0.998046875 0.7411154840225558 0.9104499530075189 0.7643327067669173
2 0.6519913063909775 0.46769266917293234 0.7635984492481204 0.46622415413533835 0.7738780545112782 0.5778312969924813 0.6563968515037595 0.5895794172932332
2 0.6857671522556391 0.36489661654135336 0.7768150845864662 0.37664473684210525 0.7562558740601504 0.4515390037593985 0.6740190319548872 0.43391682330827064
1 0.6343691259398496 0.2811912593984962 0.7210115131578948 0.2841282894736842 0.7122004229323309 0.38839285714285715 0.6387746710526316 0.37958176691729323
1 0.894296287593985 0.28853383458646614 0.9809386748120301 0.2753171992481203 0.9809386748120301 0.3546170112781955 0.9031073778195489 0.3604910714285714
3 0.7680039943609023 0.1798637218045113 0.8546463815789475 0.1519619360902256 0.8913592575187971 0.26210056390977443 0.8223390507518797 0.2826597744360902
2 0.704857847744361 0.9361489661654135 0.698983787593985 0.8260103383458647 0.8105909304511278 0.8230733082706767 0.8194020206766918 0.9288063909774437
2 0.3112958176691729 0.2518209586466165 0.3891271146616541 0.2518209586466165 0.38178453947368424 0.3693021616541353 0.30248472744360905 0.3619595864661654
2 0.14388510338345867 0.2297932330827068 0.28045700187969924 0.2371358082706767 0.27751997180451127 0.3458059210526316 0.11892034774436092 0.3355263157894737 0.11892034774436092 0.24447838345864664
