0 0.20703125000000003 0.5484609962406015 0.23346452067669174 0.4500704887218045 0.3391976033834586 0.4618186090225564 0.31570136278195493 0.5690202067669173
2 0.06311677631578949 0.49999999999999994 0.0 0.47572431680161936 0.014655780075188002 0.39573543233082703 0.029340930451127845 0.401609492481203 0.03227796052631582 0.38986137218045114 0.05724271616541354 0.401609492481203 0.05283717105263161 0.4133576127819549 0.08955004699248123 0.42657424812030076
2 0.06017974624060152 0.5910479323308271 0.0 0.5585508693609023 0.007313204887218067 0.49265742481203006 0.09689262218045114 0.5396499060150376 0.09101856203007522 0.5807683270676692
3 0.06899083646616544 0.8818139097744361 0.14094807330827072 0.8832824248120301 0.1306684680451128 0.9214638157894737 0.11451480263157895 0.9332119360902256 0.05724271616541354 0.9376174812030076
3 0.10570371240601506 0.9728618421052632 0.10276668233082709 0.9302749060150376 0.12919995300751883 0.8744713345864662 0.1717868890977444 0.8759398496240601 0.17325540413533838 0.9053101503759399 0.19381461466165414 0.9126527255639098 0.19087758458646617 0.9332119360902256 0.17472391917293237 0.9317434210526316 0.16150728383458648 0.9743303571428572
2 0.6182154605263157 0.7863604323308271 0.6652079417293233 0.70265507518797 0.6857671522556391 0.7085291353383459 0.6813616071428571 0.7246828007518797 0.7680039943609022 0.7569901315789473 0.7224800281954887 0.8289473684210527
2 0.6329006109022556 0.8788768796992481 0.6373061560150376 0.7848919172932332 0.7401022086466165 0.8113251879699248 0.7166059680451128 0.890625
0 0.7680039943609022 0.8553806390977444 0.7371651785714285 0.7848919172932332 0.8061853853383458 0.7628641917293233 0.8399612312030075 0.8348214285714286
3 0.8267445958646616 0.602796052631579 0.9031073778195489 0.5293703007518797 0.97359609962406 0.6072015977443609 0.8840166823308271 0.6718162593984963
3 0.9515683740601504 0.7349624060150376 0.998046875 0.7070753054511278 0.994155310150376 0.6703477443609023 0.9310091635338344 0.696781015037594 0.9559739191729322 0.7496475563909775
2 0.1336054981203008 0.010984492481203034 0.20115718984962408 0.00657894736842108 0.22171640037593984 0.08734727443609024 0.14094807330827072 0.1005639097744361
