0 0.8417968749999999 0.5927026721014493 0.9238847373188405 0.640823143115942 0.8601958786231884 0.732818161231884 0.7823539402173912 0.6832823822463768
0 0.827643795289855 0.738479393115942 0.8927479619565217 0.7851845561594203 0.830474411231884 0.8899173460144928 0.7568783967391304 0.8333050271739131
0 0.5233525815217391 0.08460711050724641 0.6167629076086956 0.015257019927536272 0.6677139945652173 0.08460711050724641 0.5700577445652174 0.15254189311594205
2 0.022333559782608738 0.10300611413043481 0.09451426630434787 0.04639379528985511 0.16527966485507248 0.13272758152173916 0.07611526268115945 0.18792459239130438
2 0.16103374094202902 0.25444406702898553 0.19924705615942032 0.30539515398550726 0.29265738224637683 0.2501981431159421 0.23887567934782608 0.2020776721014493
3 0.21764605978260873 0.3096410778985508 0.28699615036231885 0.27001245471014496 0.33653192934782605 0.3237941576086957 0.261520606884058 0.3719146286231884
3 0.3266247735507246 0.4228657155797102 0.4101279438405797 0.3549309329710145 0.36342278079710144 0.29407269021739135 0.255859375 0.36766870471014496
1 0.4384341032608696 0.557319972826087 0.4922158061594203 0.5205219655797102 0.543166893115942 0.5629812047101449 0.4808933423913043 0.6125169836956522
2 0.9408684329710144 0.3775758605072464 0.9960654438405797 0.42994225543478265 0.9352072010869564 0.5091995018115942 0.8785948822463767 0.456833106884058
2 0.7781080163043478 0.2020776721014493 0.833305027173913 0.26152060688405804 0.7342334692028984 0.36483808876811596 0.6733752264492753 0.2983186141304348
0 0.919638813405797 0.17094089673913046 0.9904042119565216 0.22755321557971017 0.928130661231884 0.29124207427536236 0.8616111865942029 0.23179913949275363
