2 0.8781426221804511 0.24300986842105265 0.7606614191729323 0.40601503759398494 0.8517093515037594 0.47062969924812026 0.9677220394736841 0.301750469924812
2 0.08808153195488724 0.5866423872180452 0.14094807330827072 0.5132166353383459 0.21290531015037598 0.5704887218045113 0.1482906484962406 0.6351033834586467
2 0.20556273496240604 0.401609492481203 0.2745829417293233 0.3046875 0.42877702067669166 0.4074835526315789 0.36122532894736836 0.4911889097744361
2 0.15563322368421054 0.6365718984962406 0.21437382518796996 0.5602091165413534 0.2672403665413534 0.5851738721804511 0.2554922462406015 0.6145441729323309 0.27605145676691734 0.6262922932330828 0.24374412593984965 0.6791588345864662 0.22171640037593984 0.6644736842105263 0.20556273496240604 0.6747532894736843
2 0.09836113721804512 0.8083881578947368 0.15416470864661655 0.7658012218045113 0.08367598684210528 0.6879699248120301 0.029340930451127845 0.7481790413533835
2 0.024935385338345883 0.7423049812030076 0.0 0.7073954417293233 0.0 0.6688792293233083 0.03815202067669174 0.6395089285714286 0.08661301691729326 0.698249530075188
3 0.41702890037593987 0.3913298872180451 0.45961583646616544 0.35021146616541354 0.4214344454887218 0.31203007518796994 0.38765859962406013 0.3590225563909774
2 0.34360314849624063 0.32671522556390975 0.3744419642857143 0.29734492481203006 0.40381226503759393 0.3134985902255639 0.4302455357142857 0.27091165413533835 0.3626938439849624 0.2180451127819549 0.2980791823308271 0.2944078947368421
2 0.3832530545112782 0.19601738721804512 0.40087523496240596 0.1798637218045113 0.3905956296992481 0.16664708646616544 0.399406719924812 0.1593045112781955 0.41262335526315785 0.1725211466165414 0.43171405075187963 0.1402138157894737 0.4346510808270676 0.14461936090225566 0.4654898966165413 0.10203242481203009 0.5477267387218044 0.1710526315789474 0.4713639567669172 0.25916353383458646
3 0.5374471334586466 0.2386043233082707 0.5154194078947368 0.21363956766917297 0.5403841635338346 0.17692669172932332 0.5697544642857143 0.20776550751879702
2 0.19675164473684212 0.1901433270676692 0.09542410714285715 0.10203242481203009 0.1482906484962406 0.025669642857142884 0.2672403665413534 0.11965460526315791
