2 0.3038999495967742 0.7843056955645161 0.39998109879032256 0.7732799899193548 0.4078566028225807 0.8662109375 0.30862525201612906 0.8866872479838709
2 0.3023248487903226 0.894562752016129 0.3038999495967742 0.9733177923387096 0.4283329133064517 0.9575667842741935 0.4157321068548387 0.8772366431451613
2 0.3259513608870968 0.3779296875 0.300749747983871 0.3165007560483871 0.37635458669354843 0.2802734375 0.4094317036290323 0.3543031754032258
2 0.5007875504032258 0.7197265625 0.48818674395161293 0.6220703125 0.5984438004032258 0.6031691028225806 0.6031691028225807 0.699250252016129
2 0.5070879536290323 0.7307522681451613 0.6031691028225807 0.7134261592741935 0.6204952116935485 0.796906502016129 0.5149634576612903 0.8063571068548386
0 0.28342363911290325 0.22829511088709678 0.26294732862903225 0.1574155745967742 0.3543031754032258 0.12748865927419353 0.3889553931451613 0.19364289314516128
2 0.516538558467742 0.8788117439516129 0.6362462197580645 0.8693611391129032 0.6267956149193548 0.7874558971774194 0.4944871471774193 0.7953314012096774
3 0.6882245463709677 0.6598727318548386 0.6771988407258065 0.5543409778225806 0.7449281754032258 0.5511907762096774 0.755953881048387 0.6614478326612903
2 0.023532006048387094 0.21254410282258063 0.06133442540322581 0.1337890625 0.1196131552419355 0.16529107862903225 0.0833858366935484 0.2566469254032258
3 0.2912991431451613 0.23774571572580644 0.4015561995967742 0.21254410282258063 0.42045740927419356 0.2676726310483871 0.3054750504032258 0.2865738407258065
2 0.15269027217741937 0.9055884576612903 0.26924773185483875 0.8898374495967741 0.2786983366935484 0.9701675907258064 0.16056577620967744 0.9843434979838709
3 0.4299080141129032 0.18104208669354838 0.4220325100806452 0.10228704637096774 0.5464654737903225 0.07708543346774192 0.5763923891129032 0.16371597782258063
1 0.7575289818548387 0.2897240423387097 0.7669795866935485 0.2456212197580645 0.789030997983871 0.2566469254032258 0.8000567036290323 0.22672001008064516 0.7874558971774193 0.21726940524193547 0.801631804435484 0.15426537298387097 0.8898374495967742 0.18576738911290322 0.8331338205645162 0.31965095766129037
1 0.8394342237903225 0.6315209173387096 0.8929876512096775 0.629945816532258 0.8835370463709677 0.5669417842741935 0.8362840221774193 0.5685168850806451
3 0.7150012600806452 0.7402028729838709 0.7858807963709677 0.7354775705645161 0.7874558971774193 0.8630607358870968 0.711851058467742 0.8662109375
1 0.15111517137096775 0.8882623487903225 0.24719632056451613 0.8772366431451613 0.2566469254032258 0.796906502016129 0.14638986895161293 0.8189579133064516
2 0.4015561995967742 0.012506300403225803 0.5094230405745968 0.0 0.5228389616935485 0.08023563508064516 0.4173072076612903 0.09126134072580644 0.39840599798387094 0.07078503024193547 0.3873802923387097 0.03455771169354838
1 0.9292149697580645 0.4866116431451613 0.9307900705645162 0.4094317036290323 0.9874936995967742 0.40470640120967744 0.989068800403226 0.4866116431451613
3 0.927639868951613 0.6110446068548386 0.9733177923387097 0.609469506048387 0.9953692036290323 0.7134261592741935 0.9796181955645162 0.7433530745967741 0.9638671875 0.7307522681451613 0.9591418850806452 0.6976751512096774 0.943390877016129 0.6976751512096774
2 0.5338646673387097 0.9701675907258064 0.5291393649193548 0.8961378528225806 0.6724735383064517 0.874086441532258 0.6740486391129032 0.9607169858870968
2 0.940240675403226 0.37162928427419356 0.955991683467742 0.2912991431451613 0.998046875 0.302366298811545 0.998046875 0.3936806955645161
