1 0.4384341032608696 0.6620527626811594 0.4794780344202898 0.646484375 0.5360903532608695 0.7398947010869565 0.47664741847826086 0.7625396286231884
3 0.7965070199275361 0.7214956974637681 0.8644418025362318 0.649314990942029 0.9323765851449275 0.7130038496376812 0.8715183423913043 0.7851845561594203
3 0.353515625 0.9012398097826086 0.4525871829710145 0.8856714221014492 0.48230865036231885 0.9649286684782609 0.37049932065217395 0.9960654438405797
3 0.3818217844202899 0.48655457427536236 0.4667402626811594 0.46815557065217395 0.48372395833333337 0.543166893115942 0.3945595561594203 0.557319972826087
1 0.12989696557971017 0.9493602807971014 0.14971127717391308 0.8927479619565217 0.23179913949275363 0.9323765851449275 0.19783174818840582 0.9904042119565217
1 0.03082540760869569 0.7144191576086957 0.11857450181159424 0.6861129981884058 0.1440500452898551 0.7710314764492754 0.059131567028985546 0.7979223278985508
3 0.16244904891304351 0.5403362771739131 0.22330729166666669 0.5318444293478262 0.23321444746376813 0.6379925271739131 0.16244904891304351 0.6422384510869565
3 0.0025192481884058378 0.5247678894927537 0.07753057065217395 0.5261831974637682 0.08036118659420294 0.5912873641304348 0.0025192481884058378 0.5969485960144928
3 0.9238847373188405 0.39172894021739135 0.998046875 0.33295894431911394 0.9974807518115941 0.43560348731884063 0.9578521286231884 0.4610790307971015
2 0.8785948822463767 0.2714277626811595 0.9720052083333333 0.21340013586956524 0.998046875 0.260993526674163 0.9904042119565216 0.3337013134057971 0.9210541213768115 0.3662533967391305
