2 0.2802734375 0.6708984375 0.19994329637096775 0.6645980342741935 0.1936428931451613 0.581117691532258 0.23932081653225806 0.5779674899193548 0.23459551411290325 0.5338646673387096 0.2786983366935484 0.5401650705645161
2 0.023532006048387094 0.5007875504032258 0.03298261088709678 0.37005418346774194 0.0975617439516129 0.3747794858870968 0.0975617439516129 0.5086630544354839
2 0.7827305947580645 0.13221396169354838 0.8536101310483872 0.1353641633064516 0.8551852318548387 0.2755481350806452 0.781155493951613 0.27397303427419356
2 0.907163558467742 0.13221396169354838 0.9796181955645162 0.1337890625 0.9811932963709677 0.2912991431451613 0.9134639616935485 0.3038999495967742
2 0.837859122983871 0.2865738407258065 0.907163558467742 0.2771232358870968 0.9134639616935485 0.15584047379032256 0.850459929435484 0.14954007056451613
0 0.6519972278225807 0.6000189012096774 0.7228767641129032 0.6110446068548386 0.7165763608870968 0.5007875504032258 0.6535723286290323 0.5007875504032258
0 0.732327368951613 0.5070879536290323 0.850459929435484 0.503937752016129 0.8662109375 0.6346711189516129 0.7181514616935485 0.6315209173387096
2 0.8189579133064517 0.7906060987903225 0.907163558467742 0.7827305947580645 0.9134639616935485 0.9055884576612903 0.8173828125 0.9118888608870968
2 0.8536101310483872 0.1227633568548387 0.858335433467742 0.0030556955645161255 0.9244896673387097 0.0014805947580645129 0.919764364919355 0.1337890625
2 0.9134639616935485 0.004630796370967739 0.9796181955645162 0.004630796370967739 0.989068800403226 0.14166456653225806 0.907163558467742 0.11488785282258064
2 0.2897240423387097 0.5212638608870968 0.3795047883064517 0.5244140625 0.37635458669354843 0.5007875504032258 0.3385521673387097 0.4992124495967742 0.3401272681451613 0.5196887600806451
2 0.105437247983871 0.8221081149193548 0.18891759072580644 0.8158077116935484 0.18576738911290325 0.9087386592741935 0.09913684475806453 0.8977129536290323
2 0.2424710181451613 0.031407510080645164 0.3149256552419355 0.032982610887096774 0.31177545362903225 0.1589906754032258 0.23932081653225806 0.15584047379032256
2 0.711851058467742 0.41888230846774194 0.7339024697580645 0.42518271169354843 0.732327368951613 0.4031313004032258 0.7780052923387097 0.39210559475806456 0.7827305947580645 0.4724357358870968 0.7165763608870968 0.46613533266129037
2 0.907163558467742 0.3842300907258065 0.9748928931451613 0.38265498991935487 0.9811932963709677 0.5007875504032258 0.9213394657258065 0.5055128528225806
