2 0.007780997983870969 0.2566469254032258 0.4299080141129032 0.2613722278225807 0.41258190524193544 0.6535723286290323 0.0014805947580645296 0.650422127016129
2 0.8929876512096775 0.8646358366935484 0.9859185987903227 0.8488848286290323 0.9874936995967742 0.9402406754032258 0.899288054435484 0.9386655745967741
2 0.886687247983871 0.7591040826612903 0.9733177923387097 0.748078377016129 0.9859185987903227 0.8063571068548386 0.9040133568548387 0.8236832157258064
2 0.8410093245967742 0.5653666834677419 0.9717426915322582 0.552765877016129 0.9528414818548387 0.45510962701612906 0.8189579133064517 0.4771610383064516
2 0.8851121471774195 0.4078566028225807 0.8851121471774195 0.3795047883064516 0.9134639616935485 0.3732043850806452 0.9260647681451613 0.4582598286290323 0.858335433467742 0.4582598286290323 0.8473097278225807 0.4110068044354839
2 0.7921811995967742 0.2550718245967742 0.7717048891129032 0.18734248991935484 0.7906060987903225 0.18104208669354838 0.7984816028225807 0.19836819556451613 0.825258316532258 0.19206779233870966 0.8394342237903225 0.22514490927419353
2 0.7906060987903225 0.10543724798387095 0.8236832157258065 0.09598664314516128 0.8205330141129032 0.08653603830645161 0.9087386592741937 0.05503402217741935 0.9654422883064517 0.16371597782258063 0.8394342237903225 0.1967930947580645
0 0.105437247983871 0.19206779233870966 0.10386214717741937 0.004630796370967739 0.4866116431451613 0.006205897177419351 0.4850365423387097 0.22672001008064516
2 0.809507308467742 0.5826927923387096 0.9827683971774195 0.5622164818548386 0.998046875 0.6513409358198922 0.8079322076612903 0.6819241431451613
2 0.8189579133064517 0.2818485383064516 0.8977129536290323 0.2660975302419355 0.919764364919355 0.35587827620967744 0.8284085181451613 0.3795047883064516
