3 0.4771610383064517 0.4425088205645161 0.560641381048387 0.4110068044354839 0.5952935987903225 0.5196887600806451 0.508663054435484 0.5448903729838709
2 0.8803868447580645 0.05345892137096774 0.9748928931451613 0.05818422379032258 0.9811932963709677 0.12906376008064516 0.8882623487903227 0.14166456653225806
3 0.023532006048387094 0.7465032762096774 0.11173765120967744 0.7118510584677419 0.1684412802419355 0.8504599294354839 0.0833858366935484 0.8803868447580645
3 0.19836819556451613 0.7008253528225806 0.2613722278225807 0.6850743447580645 0.24404611895161293 0.6645980342741935 0.2771232358870968 0.6551474294354839 0.33225176411290325 0.7748550907258064 0.23617061491935487 0.8016318044354839
3 0.4283329133064517 0.7465032762096774 0.49606224798387094 0.7843056955645161 0.46928553427419356 0.8488848286290323 0.39840599798387094 0.8268334173387096
3 0.5669417842741935 0.7921811995967741 0.6157699092741935 0.7685546875 0.6456968245967742 0.8331338205645161 0.6031691028225807 0.8488848286290323
3 0.7465032762096775 0.7559538810483871 0.8142326108870968 0.7937563004032258 0.776430191532258 0.8599105342741935 0.7134261592741935 0.8315587197580645
3 0.8394342237903225 0.6693233366935484 0.9055884576612905 0.6126197076612903 0.9622920866935485 0.6724735383064516 0.907163558467742 0.7260269657258064
1 0.8000567036290323 0.10071194556451613 0.8599105342741937 0.1227633568548387 0.8473097278225807 0.22672001008064516 0.7748550907258065 0.21726940524193547
3 0.42518271169354843 0.1101625504032258 0.49606224798387094 0.12433845766129031 0.48346144153225806 0.17631678427419353 0.4157321068548387 0.16844128024193547
3 0.7370526713709677 0.5543409778225806 0.8268334173387097 0.5795425907258064 0.809507308467742 0.6740486391129032 0.7213016633064517 0.6614478326612903
