2 0.5385899697580645 0.5228389616935484 0.5842678931451613 0.45038432459677424 0.5952935987903225 0.46456023185483875 0.6000189012096775 0.4488092237903226 0.6740486391129032 0.47401083669354843 0.6189201108870968 0.5685168850806451
2 0.2802734375 0.6141948084677419 0.2991746471774194 0.6078944052419355 0.2960244455645161 0.5952935987903225 0.3543031754032258 0.5669417842741935 0.4157321068548387 0.6897996471774194 0.3385521673387097 0.7197265625
2 0.28342363911290325 0.3354019657258065 0.3432774697580645 0.4362084173387097 0.4157321068548387 0.3968308971774194 0.3543031754032258 0.2991746471774194
2 0.21254410282258068 0.18891759072580644 0.28342363911290325 0.1227633568548387 0.31177545362903225 0.14166456653225806 0.3306766633064516 0.12591355846774194 0.26924773185483875 0.06448462701612903 0.1826171875 0.16529107862903225
2 0.19521799395161293 0.4488092237903226 0.2456212197580645 0.4236076108870968 0.2755481350806452 0.46928553427419356 0.22041960685483875 0.503937752016129
2 0.8205330141129032 0.24089591733870966 0.8882623487903227 0.16686617943548387 0.998046875 0.29018578421895697 0.998046875 0.3653288810483871 0.9859185987903227 0.39525579637096775
2 0.42045740927419356 0.532289566532258 0.4708606350806452 0.5055128528225806 0.4771610383064517 0.5338646673387096 0.5244140625 0.5165385584677419 0.5842678931451613 0.6000189012096774 0.5622164818548387 0.5937184979838709 0.5023626512096775 0.6189201108870968 0.48346144153225806 0.601594002016129 0.45353452620967744 0.6047442036290323
2 0.5007875504032258 0.33382686491935487 0.5716670866935485 0.23617061491935484 0.5984438004032258 0.24089591733870966 0.6330960181451613 0.19206779233870966 0.6945249495967742 0.22356980846774194 0.5732421875 0.3795047883064516
2 0.0723601310483871 0.7260269657258064 0.13536416330645162 0.6882245463709677 0.21411920362903225 0.8126575100806451 0.1432396673387097 0.8410093245967741
2 0.3590284778225807 0.560641381048387 0.39998109879032256 0.5417401713709677 0.4519594254032258 0.6173450100806451 0.3968308971774193 0.6441217237903225
1 0.6078944052419355 0.3999810987903226 0.6519972278225807 0.3653288810483871 0.6740486391129032 0.39525579637096775 0.614194808467742 0.44093371975806456 0.5874180947580645 0.42045740927419356
1 0.560641381048387 0.3747794858870968 0.6267956149193548 0.33382686491935487 0.6661731350806452 0.3779296875 0.5795425907258065 0.4141570060483871
0 0.0014805947580645296 0.5133883568548386 0.028257308467741937 0.4976373487903226 0.04400831653225806 0.5433152721774194 0.06133442540322581 0.5401650705645161 0.10071194556451613 0.6141948084677419 0.03298261088709678 0.6567225302419355 0.0 0.5976286857358871 0.0 0.5149634576612903
2 0.05818422379032259 0.5259891633064516 0.10858744959677419 0.5007875504032258 0.16056577620967744 0.5795425907258064 0.09126134072580647 0.6126197076612903
3 0.19994329637096775 0.7638293850806451 0.2408959173387097 0.7449281754032258 0.2503465221774194 0.7638293850806451 0.2660975302419355 0.7496534778225806 0.28342363911290325 0.7843056955645161 0.2062436995967742 0.825258316532258
