2 0.3054750504032258 0.5370148689516129 0.3747794858870968 0.5149634576612903 0.3432774697580645 0.42990801411290325 0.33225176411290325 0.447234122983871 0.32122605846774194 0.4362084173387097 0.3023248487903226 0.4425088205645161 0.3102003528225807 0.447234122983871 0.2660975302419355 0.4566847278225807
2 0.5102381552419355 0.3259513608870968 0.5716670866935485 0.30705015120967744 0.5952935987903225 0.40155619959677424 0.5464654737903225 0.41888230846774194
2 0.6535723286290323 0.40628150201612906 0.6000189012096775 0.33382686491935487 0.6519972278225807 0.29444934475806456 0.7055506552419355 0.38265498991935487
0 0.8567603326612905 0.2818485383064516 0.9292149697580645 0.2865738407258065 0.940240675403226 0.3511529737903226 0.8551852318548387 0.34642767137096775
1 0.3432774697580645 0.5921433971774194 0.39210559475806456 0.5653666834677419 0.4094317036290323 0.5921433971774194 0.37635458669354843 0.629945816532258
0 0.26924773185483875 0.22829511088709678 0.21884450604838712 0.1715914818548387 0.28499873991935487 0.11646295362903225 0.3401272681451613 0.16371597782258063
3 0.781155493951613 0.4598349294354839 0.8473097278225807 0.45353452620967744 0.8599105342741937 0.45510962701612906 0.8614856350806452 0.4362084173387097 0.9244896673387097 0.4283329133064516 0.927639868951613 0.447234122983871 0.9591418850806452 0.4425088205645161 0.9544165826612905 0.47873613911290325 0.7795803931451613 0.503937752016129
3 0.5385899697580645 0.17946698588709678 0.5511907762096775 0.1463898689516129 0.5779674899193548 0.1574155745967742 0.5622164818548387 0.19364289314516128
3 0.028257308467741937 0.11961315524193547 0.007780997983870969 0.01723160282258064 0.10071194556451613 0.0030556955645161255 0.1306388608870968 0.09441154233870967
3 0.4220325100806452 0.13221396169354838 0.45353452620967744 0.07551033266129031 0.47401083669354843 0.08968623991935483 0.44880922379032256 0.15111517137096772
