3 0.690172697368421 0.20335996240601506 0.7694725093984962 0.26944313909774437 0.7048578477443609 0.35167998120300753 0.6314320958646616 0.28853383458646614
3 0.061648261278195504 0.14315084586466167 0.1336054981203008 0.17692669172932332 0.09836113721804512 0.2650375939849624 0.03227796052631582 0.23273026315789477
1 0.7180744830827067 0.7261513157894737 0.7738780545112781 0.7525845864661654 0.7401022086466165 0.8083881578947368 0.688704182330827 0.7819548872180452
3 0.211436795112782 0.6042645676691729 0.27605145676691734 0.5572720864661654 0.33332354323308266 0.6204182330827068 0.2745829417293233 0.6703477443609023
3 0.19087758458646617 0.32671522556390975 0.26136630639097747 0.37664473684210525 0.22318491541353383 0.4368538533834586 0.16150728383458648 0.38986137218045114
0 0.02199835526315791 0.8406954887218046 0.061648261278195504 0.8113251879699248 0.10864074248120303 0.8685972744360902 0.06458529135338348 0.893562030075188
2 0.08073895676691731 0.798108552631579 0.1203888627819549 0.7658012218045113 0.1717868890977444 0.8230733082706767 0.12185737781954889 0.8597861842105263
0 0.8458352913533834 0.40601503759398494 0.876674107142857 0.4207001879699248 0.8428982612781954 0.4867833646616541 0.8135279605263157 0.46916118421052627
0 0.30835878759398494 0.4471334586466165 0.32891799812030076 0.4221687030075188 0.3391976033834586 0.43244830827067665 0.35241423872180455 0.4118890977443609 0.4140918703007519 0.4632871240601504 0.37297344924812026 0.504405545112782
2 0.2584292763157895 0.510279605263158 0.3215754229323309 0.46769266917293234 0.41262335526315785 0.5367128759398496 0.38031602443609025 0.5704887218045113 0.3465401785714286 0.5558035714285715 0.32891799812030076 0.5734257518796992
