1 0.23459551411290325 0.2613722278225807 0.2078188004032258 0.1700163810483871 0.2991746471774194 0.1715914818548387 0.3038999495967742 0.2188445060483871 0.2771232358870968 0.23617061491935484 0.2912991431451613 0.2676726310483871
3 0.3889553931451613 0.15584047379032256 0.45983492943548393 0.14323966733870966 0.48188634072580644 0.2456212197580645 0.4157321068548387 0.2676726310483871
0 0.3196509576612903 0.30705015120967744 0.3054750504032258 0.16529107862903225 0.3669039818548387 0.1589906754032258 0.39210559475806456 0.28499873991935487
3 0.581117691532258 0.2660975302419355 0.5590662802419355 0.11646295362903225 0.642546622983871 0.1101625504032258 0.6740486391129032 0.25822202620967744
0 0.727602066532258 0.09756174395161289 0.8410093245967742 0.08181073588709677 0.8551852318548387 0.2093939012096774 0.7543787802419355 0.22672001008064516
2 0.41100680443548393 0.532289566532258 0.3936806955645162 0.4362084173387097 0.5055128528225807 0.42045740927419356 0.532289566532258 0.5070879536290323
2 0.8756615423387097 0.20466859879032256 0.9638671875 0.20151839717741934 0.9449659778225807 0.06605972782258064 0.8441595262096775 0.07078503024193547
3 0.5968686995967742 0.3968308971774194 0.5905682963709677 0.3243762600806452 0.6078944052419355 0.31807585685483875 0.6000189012096775 0.28342363911290325 0.6803490423387097 0.27082283266129037 0.703975554435484 0.3795047883064516
1 0.2219947076612903 0.32122605846774194 0.35745337701612906 0.3117754536290323 0.37162928427419356 0.4078566028225807 0.22041960685483875 0.4125819052419355
1 0.4582598286290323 0.6252205141129032 0.4582598286290323 0.5716670866935484 0.49763734879032256 0.5779674899193548 0.5133883568548387 0.5464654737903225 0.5921433971774193 0.5622164818548386 0.5874180947580645 0.6378213205645161
3 0.2660975302419355 0.5937184979838709 0.39210559475806456 0.5795425907258064 0.37792968750000006 0.48818674395161293 0.24877142137096775 0.4992124495967742
3 0.7181514616935485 0.6157699092741935 0.7244518649193548 0.5149634576612903 0.789030997983871 0.5181136592741935 0.776430191532258 0.6330960181451613
0 0.789030997983871 0.5858429939516129 0.7984816028225807 0.47873613911290325 0.8835370463709677 0.4976373487903226 0.8772366431451613 0.6157699092741935 0.7906060987903225 0.6110446068548386
3 0.2550718245967742 0.8520350302419355 0.2566469254032258 0.727602066532258 0.349577872983871 0.7417779737903225 0.33697706653225806 0.8551852318548386
2 0.34642767137096775 0.8473097278225806 0.3669039818548387 0.748078377016129 0.4456590221774193 0.7528036794354839 0.43305821572580644 0.8614856350806451
2 0.32122605846774194 0.9906439012096774 0.33382686491935487 0.9276398689516129 0.36217867943548393 0.9244896673387096 0.3684790826612903 0.9024382560483871 0.4220325100806452 0.9024382560483871 0.41740628658298645 0.998046875
2 0.5307144657258065 0.845734627016129 0.5338646673387097 0.7543787802419355 0.6315209173387097 0.7638293850806451 0.6126197076612903 0.8693611391129032
0 0.06290952620967744 0.9733177923387096 0.07866053427419356 0.8473097278225806 0.20151839717741937 0.8614856350806451 0.203093497983871 0.8866872479838709 0.22514490927419356 0.8851121471774194 0.23617061491935487 0.9937941028225806
0 0.5968686995967742 0.9874936995967741 0.6126197076612903 0.9071635584677419 0.703975554435484 0.9150390625 0.6961000504032258 0.9953692036290323
1 0.07393523185483872 0.7307522681451613 0.1936428931451613 0.6771988407258064 0.16056577620967744 0.5874180947580645 0.037707913306451624 0.6236454133064516 0.05660912298387097 0.658297631048387 0.034557711693548404 0.6708984375
3 0.006205897177419373 0.5259891633064516 0.1196131552419355 0.511813256048387 0.10071194556451613 0.447234122983871 0.0 0.4635257612369545
