3 0.4522732612781955 0.17398966165413537 0.44639920112781956 0.05503994360902258 0.5609433740601504 0.05650845864661657 0.5565378289473685 0.1783952067669173
1 0.509545347744361 0.3296522556390977 0.5491952537593986 0.2665061090225564 0.6094043703007519 0.303218984962406 0.5888451597744362 0.36342810150375937
3 0.5917821898496242 0.3737077067669173 0.6343691259398496 0.29000234962406013 0.7401022086466166 0.3355263157894737 0.697515272556391 0.42657424812030076
3 0.5242304981203008 0.6762218045112782 0.5242304981203008 0.5895794172932332 0.6652079417293234 0.6116071428571429 0.6652079417293234 0.6776903195488722
3 0.4537417763157895 0.6262922932330828 0.45814732142857145 0.5734257518796992 0.5271675281954887 0.5837053571428572 0.515419407894737 0.6365718984962406
2 0.8296816259398496 0.4236372180451128 0.795905780075188 0.3428688909774436 0.895764802631579 0.306156015037594 0.9266036184210527 0.36489661654135336 0.8796111372180452 0.3825187969924812 0.8913592575187971 0.40454652255639095
2 0.8355556860902256 0.4412593984962406 0.9559739191729324 0.37811325187969924 0.998046875 0.4566494360902255 0.8722685620300752 0.5279017857142857
2 0.8737370770676692 0.5425869360902256 0.998046875 0.47352593723893066 0.998046875 0.5763627819548872 0.9045758928571429 0.6145441729323309
2 0.8238075657894737 0.8333529135338346 0.7797521146616542 0.6835643796992481 0.8649259868421053 0.6453829887218046 0.9192610432330828 0.798108552631579
2 0.8840166823308271 0.8818139097744361 0.9618479793233083 0.8421640037593985 0.998046875 0.9212652943121694 0.998046875 0.9699248120300752 0.9280721334586467 0.980204417293233
3 0.2187793703007519 0.22538768796992484 0.21143679511278196 0.11818609022556392 0.2980791823308271 0.11818609022556392 0.3112958176691729 0.21657659774436092
1 0.13360549812030076 0.9317434210526316 0.17766094924812031 0.8641917293233082 0.25402373120300753 0.8891564849624061 0.208499765037594 0.9669877819548872
1 0.3656308740601504 0.997826597744361 0.3465401785714286 0.8788768796992481 0.42583999060150374 0.8597861842105263 0.4564028801444401 0.998046875
