2 0.20466859879032256 0.3480027721774194 0.2078188004032258 0.2960244455645161 0.3038999495967742 0.22987021169354838 0.22514490927419356 0.1211882560483871 0.1196131552419355 0.20151839717741934 0.11016255040322581 0.23617061491935484
2 0.05503402217741937 0.47873613911290325 0.05030871975806453 0.4078566028225807 0.10228704637096775 0.398405997983871 0.11173765120967744 0.4330582157258065 0.1826171875 0.4330582157258065 0.17631678427419356 0.46771043346774194 0.11646295362903225 0.4629851310483871
2 0.5480405745967742 0.3165007560483871 0.6000189012096775 0.27082283266129037 0.6441217237903225 0.33225176411290325 0.6645980342741935 0.3054750504032258 0.683499243951613 0.33697706653225806 0.6189201108870968 0.39053049395161293
1 0.801631804435484 0.08496093749999999 0.8551852318548387 0.0361328125 0.9118888608870968 0.09913684475806452 0.8725113407258065 0.16214087701612903
3 0.7984816028225807 0.2771232358870968 0.7622542842741935 0.2062436995967742 0.8268334173387097 0.1574155745967742 0.8662109375 0.22672001008064516
1 0.7512285786290323 0.5149634576612903 0.7984816028225807 0.4566847278225807 0.850459929435484 0.5228389616935484 0.7858807963709677 0.5795425907258064
2 0.6393964213709677 0.8362840221774194 0.699250252016129 0.8378591229838709 0.7055506552419355 0.8819619455645161 0.7386277721774193 0.8866872479838709 0.7386277721774193 0.9622920866935484 0.7192605951780915 0.998046875 0.629945816532258 0.9937941028225806
0 0.4582598286290323 0.9906439012096774 0.44880922379032256 0.8788117439516129 0.5133883568548387 0.8725113407258064 0.5306494928175404 0.998046875
2 0.5291393649193548 0.8630607358870968 0.6189201108870968 0.845734627016129 0.6393330925756568 0.998046875 0.537014868951613 0.9953692036290323
2 0.3306766633064516 0.8977129536290323 0.41258190524193544 0.8772366431451613 0.4362084173387097 0.9969443044354839 0.3543031754032258 0.9969443044354839
2 0.13693926411290325 0.7307522681451613 0.17474168346774194 0.6866494455645161 0.2534967237903226 0.7732799899193548 0.19994329637096775 0.8079322076612903
0 0.06605972782258066 0.8079322076612903 0.11488785282258068 0.7543787802419355 0.18734248991935487 0.8284085181451613 0.15269027217741937 0.8819619455645161
2 0.532289566532258 0.39210559475806456 0.5622164818548387 0.3621786794354839 0.606319304435484 0.41573210685483875 0.5700919858870968 0.4425088205645161
2 0.21096900201612906 0.9260647681451613 0.2960244455645161 0.9103137600806451 0.3320576891921083 0.998046875 0.22672001008064518 0.9937941028225806
1 0.9024382560483872 0.38107988911290325 0.9733177923387097 0.3102003528225807 0.998046875 0.3325742847542242 0.9323651713709677 0.41888230846774194
3 0.7827305947580645 0.38580519153225806 0.858335433467742 0.33225176411290325 0.8961378528225807 0.37162928427419356 0.8410093245967742 0.43935861895161293
2 0.9260647681451613 0.2062436995967742 0.9575667842741937 0.17631678427419353 0.992219002016129 0.2062436995967742 0.9953692036290323 0.2660975302419355
