3 0.4598776647286822 0.3947734980620155 0.5688892926356589 0.38568919573643407 0.5719173934108528 0.46593386627906974 0.4613917151162791 0.47199006782945735
1 0.8853258236434108 0.9201489825581395 0.8868398740310078 0.7959968507751938 0.9580002422480621 0.7944828003875969 0.9610283430232559 0.927719234496124
3 0.6461058624031009 0.7732860949612402 0.7490612887596899 0.7566315406976744 0.7732860949612403 0.8611010174418604 0.6521620639534884 0.8716993701550387
3 0.4750181686046512 0.7157521802325582 0.46593386627906985 0.6173389050387597 0.5855438468992248 0.6021984011627907 0.5840297965116279 0.7127240794573643
3 0.040485707364341095 0.6794149709302325 0.04805595930232559 0.5492066375968992 0.12678657945736435 0.552234738372093 0.14798328488372095 0.6657885174418604
3 0.16766593992248066 0.7490612887596899 0.25396681201550386 0.747547238372093 0.24336845930232562 0.6839571220930232 0.16615188953488372 0.6915273740310077
3 0.3145288275193798 0.7263505329457364 0.45230741279069775 0.717266230620155 0.4417090600775194 0.627937257751938 0.3039304748062016 0.643077761627907
3 0.2327701065891473 0.5340661337209303 0.2251998546511628 0.4538214631782945 0.31301477713178294 0.44170906007751937 0.3160428779069767 0.5461785368217054
3 0.6294513081395349 0.6006843507751938 0.6339934593023256 0.5143834786821705 0.7551174903100776 0.521953730620155 0.7581455910852714 0.6158248546511628
3 0.8035671027131783 0.7233224321705426 0.9171208817829458 0.7218083817829457 0.9065225290697675 0.6324794089147286 0.8035671027131783 0.6461058624031008
3 0.4447371608527132 0.3841751453488372 0.4311107073643411 0.3009023740310077 0.5340661337209303 0.27213541666666663 0.5582909399224807 0.356922238372093
3 0.25699491279069764 0.8732134205426356 0.25396681201550386 0.7687439437984496 0.34026768410852715 0.7505753391472868 0.3448098352713179 0.8792696220930232
1 0.3781189437984497 0.2327701065891473 0.3735767926356589 0.15555353682170545 0.48107437015503884 0.13738493217054265 0.49318677325581395 0.2130874515503876
3 0.6203670058139535 0.42202640503875966 0.6233951065891473 0.3251271802325581 0.7127240794573644 0.32058502906976744 0.7308926841085271 0.42959665697674415
3 0.8277919089147288 0.3311833817829457 0.8429324127906977 0.46593386627906974 0.9231770833333334 0.447765261627907 0.9095506298449613 0.32058502906976744
3 0.46896196705426363 0.9670845445736433 0.5264958817829458 0.9564861918604651 0.5204396802325582 0.8989522771317829 0.5870578972868218 0.8944101259689922 0.5855438468992248 0.9958515019379844 0.552234738372093 0.9973655523255813 0.48107437015503884 0.9973655523255813
3 0.42505450581395354 0.7596596414728682 0.47653221899224807 0.7566315406976744 0.4841024709302326 0.7430050872093023 0.5916000484496124 0.732406734496124 0.5991703003875969 0.8368762112403101 0.42202640503875977 0.8459605135658914
3 0.612796753875969 0.26910731589147285 0.6067405523255814 0.16766593992248063 0.7384629360465117 0.15706758720930233 0.7430050872093024 0.27213541666666663
1 0.747547238372093 0.23731225775193798 0.7445191375968992 0.17523619186046513 0.7672298934108528 0.16615188953488375 0.7672298934108528 0.12527252906976746 0.8353621608527132 0.12224442829457366 0.8444464631782945 0.24488250968992248
3 0.27364946705426363 0.222171753875969 0.26759326550387597 0.12375847868217055 0.35389413759689925 0.10558987403100777 0.35389413759689925 0.2251998546511628
3 0.17826429263565893 0.20854530038759692 0.18583454457364343 0.09196342054263568 0.2781916182170543 0.09044937015503877 0.26910731589147285 0.2509387112403101
3 0.8611010174418604 0.20854530038759692 0.8535307655038761 0.08742126937984497 0.9216630329457364 0.07379481589147288 0.942859738372093 0.2297420058139535
3 0.33875363372093026 0.5507206879844961 0.3326974321705426 0.46744791666666663 0.42202640503875977 0.46593386627906974 0.43716690891472876 0.5552628391472868
3 0.014746850775193832 0.15706758720930233 0.13132873062015507 0.16917999031007752 0.15252543604651167 0.09347747093023258 0.01626090116279072 0.09801962209302327
3 0.11921632751937986 0.9443737887596899 0.20097504844961242 0.9307473352713178 0.18734859496124032 0.8338481104651162 0.09801962209302326 0.8444464631782945
