2 0.055774201127819584 0.3296522556390977 0.14682213345864661 0.2841282894736842 0.19528312969924813 0.36489661654135336 0.1321369830827068 0.39573543233082703 0.13654252819548876 0.4221687030075188 0.11892034774436092 0.42951127819548873 0.10570371240601506 0.4221687030075188
2 0.25696076127819545 0.36636513157894735 0.21437382518796996 0.2841282894736842 0.4669584116541353 0.1593045112781955 0.5110138627819548 0.2283247180451128 0.42877702067669166 0.2547579887218045 0.4787065319548872 0.32671522556390975 0.5374471334586466 0.303218984962406 0.5756285244360901 0.3604910714285714 0.31276433270676696 0.5132166353383459 0.2716459116541353 0.43097979323308266 0.45961583646616544 0.3428688909774436 0.41996593045112784 0.2767857142857143
1 0.8825481672932329 0.884750939849624 0.9486313439849623 0.8553806390977444 0.9633164943609023 0.8832824248120301 0.9045758928571428 0.9185267857142857
2 0.14094807330827072 0.49999999999999994 0.2598977913533834 0.4618186090225564 0.21290531015037598 0.35167998120300753 0.08661301691729326 0.43391682330827064
2 0.20262570488721807 0.3458059210526316 0.22905897556390978 0.3355263157894737 0.2496181860902256 0.37664473684210525 0.28926809210526316 0.3619595864661654 0.306890272556391 0.38839285714285715 0.26870888157894735 0.4089520676691729 0.2907366071428572 0.4632871240601504 0.27751997180451127 0.46769266917293234
2 0.19381461466165414 0.5939849624060151 0.1482906484962406 0.5161536654135339 0.27311442669172936 0.4603500939849624 0.29661066729323304 0.5146851503759399 0.2672403665413534 0.5308388157894737 0.2819255169172933 0.5616776315789475
2 0.1717868890977444 0.9023731203007519 0.14388510338345864 0.8318843984962406 0.28486254699248126 0.7848919172932332 0.3186383928571429 0.8730028195488722
2 0.27605145676691734 0.7702067669172933 0.3230439379699248 0.8627232142857143 0.44052514097744355 0.8083881578947368 0.405280780075188 0.7114661654135339
1 0.8502408364661653 0.9126527255639098 0.8634574718045112 0.983141447368421 0.9001703477443608 0.9772673872180451 0.8796111372180451 0.9111842105263158
3 0.9089814379699248 0.9332119360902256 0.983875704887218 0.884750939849624 0.998046875 0.910913100057837 0.998046875 0.9581766917293233 0.9501314583193474 0.998046875
3 0.6226210056390977 0.24888392857142858 0.593250704887218 0.18867481203007522 0.6299635808270676 0.16664708646616544 0.6769560620300752 0.23566729323308272
3 0.7136689379699248 0.2841282894736842 0.6828301221804511 0.20189144736842107 0.7356966635338346 0.18573778195488724 0.7606614191729323 0.2665061090225564
3 0.5756285244360901 0.1725211466165414 0.5462582236842105 0.11524906015037596 0.600593280075188 0.08294172932330829 0.6446487312030075 0.14902490601503762
3 0.798842810150376 0.8039826127819549 0.7371651785714285 0.6938439849624061 0.8194020206766917 0.6644736842105263 0.8708000469924813 0.7804863721804511
