1 0.08732358870967741 0.061334425403225805 0.1077998991935484 0.048733618951612906 0.09834929435483872 0.029832409274193544 0.1219758064516129 0.02195690524193548 0.13300151209677422 0.032982610887096774 0.16135332661290322 0.007780997983870964 0.1991557459677419 0.051883820564516125 0.1361517137096774 0.11646295362903225
3 0.09992439516129034 0.029832409274193544 0.1219758064516129 0.01723160282258064 0.12985131048387097 0.02825730846774193 0.16292842741935484 0.004630796370967739 0.1991557459677419 0.05503402217741935 0.1314264112903226 0.11646295362903225 0.09204889112903228 0.06920992943548386 0.11410030241935484 0.04558341733870968
3 0.14875252016129034 0.12433845766129031 0.22750756048387097 0.1101625504032258 0.24168346774193547 0.1731665826612903 0.1708039314516129 0.1967930947580645
3 0.25270917338709675 0.21569430443548387 0.333039314516129 0.19206779233870966 0.35824092741935487 0.2755481350806452 0.28106098790322576 0.2912991431451613
2 0.32201360887096775 0.32122605846774194 0.3676915322580645 0.3054750504032258 0.40234375 0.40470640120967744 0.3109879032258065 0.43935861895161293 0.2889364919354839 0.35745337701612906 0.3235887096774194 0.34170236895161293
1 0.4086441532258065 0.2093939012096774 0.451171875 0.1967930947580645 0.4669228830645161 0.23932081653225806 0.49684979838709675 0.22356980846774194 0.548828125 0.33697706653225806 0.47479838709677424 0.36690398185483875
1 0.10307459677419353 0.6126197076612903 0.15505292338709678 0.6110446068548386 0.15505292338709678 0.6472719254032258 0.1077998991935484 0.6488470262096774
1 0.2968119959677419 0.9024382560483871 0.35824092741935487 0.9055884576612903 0.35666582661290325 0.9670173891129032 0.2968119959677419 0.9670173891129032
1 0.8764490927419355 0.5732421875 0.9630796370967742 0.5685168850806451 0.972530241935484 0.6472719254032258 0.8780241935483872 0.6535723286290323
2 0.381867439516129 0.7575289818548386 0.4779485887096775 0.7591040826612903 0.47479838709677424 0.825258316532258 0.37871723790322587 0.8268334173387096
