3 0.2848625469924812 0.14902490601503762 0.34066611842105265 0.08881578947368422 0.39500117481203006 0.13433975563909778 0.32010690789473684 0.210702537593985
2 0.4302455357142857 0.21363956766917297 0.5389156484962406 0.2679746240601504 0.5844396146616542 0.18280075187969927 0.4713639567669173 0.14315084586466167
3 0.4405251409774436 0.40601503759398494 0.405280780075188 0.3311207706766917 0.4698954417293233 0.29734492481203006 0.509545347744361 0.3693021616541353
2 0.6167469454887219 0.36489661654135336 0.5873766447368421 0.2738486842105263 0.6490542763157895 0.25916353383458646 0.6754875469924813 0.35021146616541354
3 0.6828301221804511 0.41776315789473684 0.6740190319548872 0.33699483082706766 0.7430392387218046 0.32671522556390975 0.7533188439849624 0.4089520676691729
3 0.35828829887218044 0.47062969924812026 0.41996593045112784 0.40307800751879697 0.4610843515037594 0.44419642857142855 0.39793820488721804 0.5146851503759399
2 0.9324776785714286 0.9082471804511278 0.9060444078947368 0.8451010338345865 0.9809386748120301 0.8127937030075189 0.998046875 0.8943866577501445
2 0.6710820018796992 0.10790648496240603 0.7356966635338347 0.06385103383458648 0.7885632048872181 0.1211231203007519 0.7136689379699248 0.18426926691729326
3 0.7268855733082707 0.17545817669172936 0.797374295112782 0.15489896616541357 0.8179335056390978 0.23273026315789477 0.7547873590225564 0.24888392857142858
3 0.8473038063909775 0.24594689849624063 0.9354147086466166 0.24741541353383462 0.9354147086466166 0.3208411654135338 0.8311501409774437 0.3046875
2 0.25255521616541354 0.8025140977443609 0.39500117481203006 0.8054511278195489 0.405280780075188 0.9067786654135338 0.24961818609022557 0.9126527255639098
