2 0.6217164855072465 0.8729336503623188 0.7321105072463768 0.744140625 0.8396739130434783 0.8446274909420289 0.7264492753623188 0.9663439764492754
3 0.5382133152173914 0.8885020380434783 0.5537817028985508 0.8163213315217391 0.6401154891304348 0.830474411231884 0.6302083333333334 0.9153928894927537
1 0.39102128623188404 0.6719599184782609 0.45187952898550726 0.6054404438405797 0.5268908514492754 0.6733752264492754 0.45329483695652173 0.7398947010869565
3 0.3230865036231884 0.6181782155797102 0.393851902173913 0.551658740942029 0.4589560688405797 0.5941179800724637 0.3782835144927536 0.6861129981884058
2 0.25939764492753625 0.5700577445652174 0.3245018115942029 0.5021229619565217 0.3782835144927536 0.5587352807971014 0.3046875 0.6337466032608696
3 0.20278532608695654 0.5205219655797102 0.26788949275362317 0.44692595108695654 0.31742527173913043 0.4936311141304348 0.2480751811594203 0.5686424365942029
3 0.1306046195652174 0.4695708786231884 0.20703125 0.4016360960144928 0.25939764492753625 0.4582484148550725 0.19146286231884063 0.5318444293478262
3 0.07965353260869569 0.4072973278985508 0.12777400362318841 0.35351562500000006 0.1900475543478261 0.3931442481884058 0.1334352355072464 0.4610790307971015
3 0.03153306159420294 0.554489356884058 0.1306046195652174 0.5714730525362319 0.13485054347826092 0.629500679347826 0.01596467391304352 0.6167629076086957
3 0.010303442028985553 0.5134454257246377 0.013134057971014537 0.5785495923913043 0.10937500000000004 0.5615658967391305 0.07540760869565222 0.5233525815217391
2 0.011718750000000042 0.35068500905797106 0.0584239130434783 0.29690330615942034 0.10654438405797105 0.34643908514492755 0.05559329710144932 0.4044667119565218
0 0.01596467391304352 0.22613790760869568 0.0 0.2452955163043479 0.0 0.33794723731884063 0.02162590579710149 0.35068500905797106 0.0782382246376812 0.27001245471014496
0 0.2282608695652174 0.7469712409420289 0.20844655797101452 0.8630264945652174 0.30044157608695654 0.8715183423913043 0.31600996376811596 0.761124320652174
3 0.08531476449275367 0.7398947010869565 0.06833106884057975 0.8290591032608695 0.16315670289855078 0.847458106884058 0.1688179347826087 0.7483865489130435
3 0.33299365942028986 0.7653702445652174 0.31459465579710144 0.8545346467391304 0.3811141304347826 0.8672724184782609 0.405174365942029 0.7823539402173914
3 0.4617866847826087 0.8035835597826086 0.45329483695652173 0.8969938858695652 0.5410439311594203 0.9253000452898551 0.5438745471014493 0.8021682518115942
3 0.41225090579710144 0.7865998641304348 0.3853600543478261 0.8856714221014492 0.4632019927536232 0.9111469655797101 0.4745244565217391 0.7950917119565217
