2 0.6407877604166667 0.6546223958333334 0.61474609375 0.46907552083333337 0.85888671875 0.4365234375 0.8702799479166667 0.5569661458333334 0.6993815104166667 0.5797526041666667 0.7091471354166667 0.6448567708333334
1 0.17854817708333331 0.18749999999999997 0.18180338541666666 0.11588541666666666 0.24365234374999997 0.10449218749999997 0.24690755208333334 0.19726562499999997
3 0.42919921875 0.71484375 0.42757161458333337 0.6448567708333334 0.51220703125 0.6383463541666667 0.5236002604166667 0.7034505208333334
3 0.37060546875 0.7962239583333334 0.36083984375 0.7311197916666667 0.42268880208333337 0.7197265625 0.42919921875 0.7945963541666667
0 0.25667317708333337 0.27864583333333337 0.23063151041666666 0.02799479166666665 0.49918619791666674 0.005208333333333315 0.5382486979166667 0.23307291666666666
2 0.05322265624999997 0.6334635416666667 0.03369140624999997 0.5032552083333334 0.13460286458333331 0.48697916666666674 0.15738932291666666 0.6253255208333334
2 0.14599609374999997 0.48209635416666674 0.15576171874999997 0.578125 0.23714192708333334 0.5748697916666667 0.22412109374999997 0.47233072916666674
3 0.022298177083333315 0.4267578125 0.004394531249999972 0.31770833333333337 0.08414713541666666 0.3046875 0.10205078124999997 0.4088541666666667
2 0.05322265624999997 0.9296875 0.15250651041666666 0.91015625 0.16552734374999997 0.9931640625 0.061360677083333315 0.9947916666666667
1 0.07438151041666666 0.822265625 0.06787109374999997 0.7473958333333334 0.13948567708333331 0.7425130208333334 0.14762369791666666 0.8206380208333334
3 0.18668619791666666 0.8076171875 0.17203776041666666 0.7180989583333334 0.23551432291666666 0.7083333333333334 0.25504557291666663 0.8011067708333334
