1 0.07708543346774194 0.11803805443548386 0.1432396673387097 0.09126134072580644 0.11173765120967744 0.0361328125 0.045583417338709686 0.059759324596774195
3 0.2550718245967742 0.6961000504032258 0.2534967237903226 0.6031691028225806 0.33540196572580644 0.601594002016129 0.3480027721774194 0.7008253528225806
1 0.37162928427419356 0.7543787802419355 0.4299080141129032 0.7402028729838709 0.4803112399193548 0.9071635584677419 0.4031313004032258 0.9197643649193548
3 0.07866053427419356 0.6850743447580645 0.07708543346774194 0.5905682963709677 0.19049269153225806 0.6000189012096774 0.1967930947580645 0.6819241431451613
3 0.28342363911290325 0.7606791834677419 0.3543031754032258 0.7575289818548386 0.36217867943548393 0.8819619455645161 0.300749747983871 0.8882623487903225
3 0.5181136592741935 0.6488470262096774 0.46928553427419356 0.7118510584677419 0.5480405745967742 0.7780052923387096 0.606319304435484 0.7244518649193548
1 0.850459929435484 0.8662109375 0.8740864415322582 0.922914566532258 0.9544165826612905 0.8819619455645161 0.9118888608870968 0.8347089213709677
2 0.658297631048387 0.46771043346774194 0.7197265625 0.41573210685483875 0.7638293850806452 0.4519594254032258 0.752803679435484 0.4582598286290323 0.7906060987903225 0.5212638608870968 0.7197265625 0.5653666834677419
3 0.8410093245967742 0.5417401713709677 0.907163558467742 0.42045740927419356 0.9811932963709677 0.46928553427419356 0.9103137600806452 0.6031691028225806
3 0.5433152721774193 0.3543031754032258 0.5921433971774193 0.31965095766129037 0.6078944052419355 0.37005418346774194 0.552765877016129 0.39525579637096775
2 0.4094317036290323 0.4614100302419355 0.5023626512096775 0.43935861895161293 0.4503843245967742 0.33697706653225806 0.37005418346774194 0.3590284778225807
1 0.49763734879032256 0.24247101814516128 0.5307144657258065 0.19994329637096775 0.6204952116935485 0.2676726310483871 0.5748172883064517 0.3243762600806452
3 0.6803490423387097 0.23459551411290322 0.683499243951613 0.17946698588709678 0.7622542842741935 0.1841922883064516 0.760679183467742 0.23774571572580644
2 0.6409715221774193 0.9733177923387096 0.6677482358870968 0.8095073084677419 0.7937563004032258 0.8504599294354839 0.748078377016129 0.9292149697580645
2 0.4031313004032258 0.9386655745967741 0.48976184475806456 0.9386655745967741 0.47558593750000006 0.9969443044354839 0.4094317036290323 0.9937941028225806
3 0.8977129536290323 0.17474168346774194 0.9638671875 0.1353641633064516 0.9953692036290323 0.1967930947580645 0.9213394657258065 0.24719632056451613
2 0.6220703125 0.0361328125 0.691374747983871 0.010931199596774192 0.7181514616935485 0.07551033266129031 0.650422127016129 0.10071194556451613
3 0.4866116431451613 0.16214087701612903 0.4645602318548387 0.08496093749999999 0.552765877016129 0.05345892137096774 0.585842993951613 0.1337890625
