2 0.6157699092741935 0.9087386592741935 0.6409715221774193 0.8992880544354839 0.6330960181451613 0.8851121471774194 0.7575289818548387 0.8488848286290323 0.7732799899193548 0.8961378528225806 0.7291771673387097 0.9024382560483871 0.740202872983871 0.9307900705645161 0.760679183467742 0.9370904737903225 0.7575289818548387 0.9654422883064516 0.7307522681451613 0.9764679939516129 0.6706396709389403 0.998046875 0.6519972278225807 0.9638671875 0.6866494455645162 0.9559916834677419 0.6708984375 0.9260647681451613 0.6267956149193548 0.9418157762096774
2 0.5590662802419355 0.7465032762096774 0.634671118951613 0.727602066532258 0.6315209173387097 0.7150012600806451 0.6677482358870968 0.7039755544354839 0.6724735383064517 0.7228767641129032 0.699250252016129 0.7039755544354839 0.7244518649193548 0.7748550907258064 0.711851058467742 0.8158077116935484 0.6693233366935485 0.8331338205645161 0.6252205141129032 0.8583354334677419 0.5984438004032258 0.8173828125 0.629945816532258 0.8063571068548386 0.6220703125 0.7874558971774194 0.5952935987903225 0.7953314012096774 0.5669417842741935 0.7937563004032258
2 0.7307522681451613 0.7575289818548386 0.760679183467742 0.7543787802419355 0.776430191532258 0.7449281754032258 0.804782006048387 0.8032069052419355 0.752803679435484 0.8158077116935484
0 0.5968686995967742 0.5748172883064516 0.5149634576612903 0.5984438004032258 0.5637915826612903 0.7102759576612903 0.7024004536290323 0.6740486391129032 0.691374747983871 0.6519972278225806 0.6929498487903225 0.6220703125 0.6708984375 0.5874180947580645 0.6661731350806452 0.5574911794354839
0 0.45353452620967744 0.4362084173387097 0.4771610383064517 0.43148311491935487 0.4866116431451613 0.44093371975806456 0.5275642641129032 0.43463331653225806 0.5228389616935485 0.40628150201612906 0.5905682963709677 0.38580519153225806 0.6189201108870968 0.43148311491935487 0.642546622983871 0.46613533266129037 0.6771988407258065 0.45038432459677424 0.6897996471774193 0.511813256048387 0.511813256048387 0.5732421875 0.4913369455645162 0.5244140625 0.5228389616935485 0.5070879536290323 0.5149634576612903 0.48031123991935487 0.4661353326612903 0.49291204637096775
2 0.3606035786290323 0.7685546875 0.2566469254032258 0.7953314012096774 0.2802734375 0.8410093245967741 0.30705015120967744 0.8331338205645161 0.3259513608870968 0.8504599294354839 0.35745337701612906 0.8299836189516129 0.37162928427419356 0.8425844254032258 0.42675781250000006 0.825258316532258 0.40628150201612906 0.7843056955645161 0.37635458669354843 0.7906060987903225
2 0.25979712701612906 0.7528036794354839 0.39210559475806456 0.7087008568548386 0.42045740927419356 0.7433530745967741 0.3747794858870968 0.7512285786290323 0.2660975302419355 0.7858807963709677
0 0.22987021169354838 0.7213016633064516 0.24877142137096775 0.748078377016129 0.37792968750000006 0.699250252016129 0.34170236895161293 0.5700919858870968 0.2062436995967742 0.6126197076612903 0.2219947076612903 0.6488470262096774 0.1936428931451613 0.6614478326612903 0.20939390120967744 0.7213016633064516
2 0.6409715221774193 0.018806703629032254 0.650422127016129 0.014081401209677416 0.6756237399193548 0.006205897177419351 0.6895870085685483 0.0 0.7417779737903225 0.08811113911290322 0.6819241431451613 0.10543724798387095
2 0.35587827620967744 0.02825730846774193 0.4503843245967742 0.0030556955645161255 0.4582598286290323 0.05503402217741935 0.3936806955645162 0.08968623991935483 0.40628150201612906 0.10071194556451613 0.3401272681451613 0.12748865927419353 0.33225176411290325 0.08181073588709677 0.37635458669354843 0.06920992943548386
2 0.105437247983871 0.28499873991935487 0.17001638104838712 0.2676726310483871 0.17474168346774194 0.2912991431451613 0.22987021169354838 0.2755481350806452 0.20151839717741937 0.14008946572580644 0.05030871975806453 0.1841922883064516 0.07551033266129034 0.2660975302419355
2 0.34642767137096775 0.1605657762096774 0.37162928427419356 0.15584047379032256 0.49763734879032256 0.10386214717741934 0.503937752016129 0.14008946572580644 0.36375378024193544 0.2062436995967742
0 0.41100680443548393 0.30862525201612906 0.48818674395161293 0.2818485383064516 0.48188634072580644 0.2645224294354839 0.5338646673387097 0.24719632056451613 0.5559160786290323 0.2818485383064516 0.5874180947580645 0.28342363911290325 0.6252205141129032 0.3606035786290323 0.45353452620967744 0.4330582157258065 0.4440839213709678 0.3732043850806452
0 0.3873802923387097 0.19836819556451613 0.4015561995967742 0.27082283266129037 0.5385899697580645 0.21254410282258063 0.511813256048387 0.15584047379032256
0 0.023532006048387094 0.04243321572580645 0.09441154233870969 0.0361328125 0.07866053427419356 0.006205897177419351 0.1306388608870968 0.004630796370967739 0.15111517137096775 0.04243321572580645 0.19049269153225806 0.032982610887096774 0.2062436995967742 0.061334425403225805 0.17001638104838712 0.06290952620967741 0.18419228830645162 0.09913684475806452 0.04715851814516131 0.15111517137096772 0.0361328125 0.11961315524193547 0.08023563508064518 0.10543724798387095 0.06763482862903228 0.07078503024193547 0.037707913306451624 0.0739352318548387
0 0.1196131552419355 0.34170236895161293 0.24719632056451613 0.29444934475806456 0.28499873991935487 0.4220325100806452 0.1574155745967742 0.4582598286290323
