2 0.5307144657258065 0.8882623487903225 0.5984438004032258 0.8709362399193548 0.606319304435484 0.8961378528225806 0.642546622983871 0.8819619455645161 0.6693233366935485 0.9370904737903225 0.5622164818548387 0.9733177923387096
2 0.23302041330645162 0.8441595262096774 0.2534967237903226 0.8378591229838709 0.2282951108870968 0.796906502016129 0.2771232358870968 0.7701297883064516 0.3480027721774194 0.8709362399193548 0.25822202620967744 0.9071635584677419
2 0.3385521673387097 0.7685546875 0.39210559475806456 0.7496534778225806 0.42518271169354843 0.8284085181451613 0.37792968750000006 0.8473097278225806
2 0.07393523185483872 0.9134639616935484 0.12748865927419356 0.894562752016129 0.10386214717741937 0.8520350302419355 0.09913684475806453 0.8284085181451613 0.11646295362903225 0.8205330141129032 0.1337890625 0.8551852318548386 0.1574155745967742 0.8347089213709677 0.18576738911290325 0.8709362399193548 0.17001638104838712 0.8788117439516129 0.18734248991935487 0.8977129536290323 0.22356980846774194 0.9386655745967741 0.1282471946625637 0.998046875
3 0.7354775705645162 0.7150012600806451 0.7748550907258065 0.7008253528225806 0.7953314012096775 0.7370526713709677 0.7622542842741935 0.7528036794354839
3 0.789030997983871 0.6976751512096774 0.8362840221774193 0.6866494455645161 0.8646358366935485 0.7354775705645161 0.8189579133064517 0.7512285786290323
2 0.760679183467742 0.7701297883064516 0.858335433467742 0.7543787802419355 0.8630607358870968 0.7984816028225806 0.7622542842741935 0.8158077116935484
2 0.7685546875 0.825258316532258 0.8221081149193548 0.8126575100806451 0.8236832157258065 0.8425844254032258 0.7732799899193548 0.8646358366935484
0 0.3968308971774193 0.4771610383064516 0.3747794858870968 0.3401272681451613 0.48818674395161293 0.2991746471774194 0.4913369455645162 0.34327746975806456 0.47401083669354843 0.35745337701612906 0.4850365423387097 0.38107988911290325 0.503937752016129 0.44408392137096775
2 0.560641381048387 0.08181073588709677 0.658297631048387 0.06605972782258064 0.6661731350806452 0.16844128024193547 0.5826927923387097 0.17631678427419353
2 0.6189201108870968 0.2676726310483871 0.7213016633064517 0.23932081653225806 0.7449281754032258 0.3117754536290323 0.7055506552419355 0.31965095766129037 0.7008253528225807 0.3448525705645161 0.6456968245967742 0.3511529737903226
0 0.7669795866935485 0.16844128024193547 0.8000567036290323 0.15584047379032256 0.7827305947580645 0.13063886088709678 0.8551852318548387 0.08496093749999999 0.9040133568548387 0.15584047379032256 0.9134639616935485 0.17946698588709678 0.8646358366935485 0.2188445060483871 0.8599105342741937 0.23774571572580644 0.8236832157258065 0.25979712701612906 0.8032069052419355 0.21411920362903225
2 0.8977129536290323 0.031407510080645164 0.9575667842741937 0.009356098790322578 0.998046875 0.08418293316226778 0.992219002016129 0.1479649697580645 0.968592489919355 0.16214087701612903
2 0.8142326108870968 0.4771610383064516 0.837859122983871 0.46613533266129037 0.8567603326612905 0.4629851310483871 0.8740864415322582 0.4850365423387097 0.8851121471774195 0.48031123991935487 0.870936239919355 0.447234122983871 0.894562752016129 0.4330582157258065 0.9040133568548387 0.447234122983871 0.9544165826612905 0.41573210685483875 0.989068800403226 0.46771043346774194 0.968592489919355 0.5133883568548386 0.9622920866935485 0.5307144657258064 0.935515372983871 0.5700919858870968 0.919764364919355 0.5354397681451613 0.8599105342741937 0.5716670866935484
0 0.678773941532258 0.511813256048387 0.7575289818548387 0.48818674395161293 0.7984816028225807 0.6567225302419355 0.7165763608870968 0.6850743447580645
2 0.8725113407258065 0.748078377016129 0.907163558467742 0.7354775705645161 0.9229145665322582 0.7748550907258064 0.8677860383064517 0.7953314012096774
1 0.4299080141129032 0.5464654737903225 0.532289566532258 0.5291393649193548 0.5464654737903225 0.6063193044354839 0.46298513104838707 0.6267956149193548
2 0.8205330141129032 0.8788117439516129 0.8929876512096775 0.845734627016129 0.907163558467742 0.874086441532258 0.9370904737903227 0.8536101310483871 0.9937941028225807 0.9134639616935484 0.894562752016129 0.9953692036290323
