1 0.19500113224637683 0.1850939764492754 0.3124716938405797 0.19217051630434784 0.3096410778985508 0.27567368659420294 0.17660212862318844 0.2572746829710145
3 0.24878283514492758 0.39739017210144933 0.29548799818840576 0.3450237771739131 0.37191462862318847 0.4157891757246377 0.31388700181159424 0.47381680253623193
2 0.36342278079710144 0.3223788496376812 0.4299422554347826 0.2431216032608696 0.5063688858695652 0.29407269021739135 0.4426800271739131 0.40305140398550726
3 0.3096410778985508 0.5049535778985508 0.34360846920289856 0.4639096467391305 0.3662533967391305 0.4922158061594203 0.3308706974637682 0.5261831974637682
2 0.3252094655797102 0.5247678894927537 0.42852694746376807 0.4341881793478261 0.4794780344202898 0.5233525815217391 0.3733299365942029 0.6082710597826088
1 0.4992923460144927 0.9168081974637681 0.4922158061594203 0.9606827445652174 0.5502434329710144 0.9620980525362318 0.5445822010869565 0.9026551177536232 0.4950464221014492 0.9012398097826086
1 0.38606770833333337 0.7908457880434783 0.456833106884058 0.727156929347826 0.5063688858695652 0.7724467844202899 0.4313575634057971 0.8403815670289855
0 0.011011096014492794 0.8559499547101449 0.1440500452898551 0.8191519474637681 0.16103374094202902 0.9380378170289855 0.029410099637681195 0.9606827445652174
2 0.005349864130434822 0.7582937047101449 0.0874377264492754 0.7427253170289855 0.10159080615942032 0.8276437952898551 0.00818048007246381 0.8403815670289855
1 0.16244904891304351 0.5205219655797102 0.2049082880434783 0.6436537590579711 0.2770889945652174 0.6181782155797102 0.22755321557971017 0.4936311141304348
3 0.7625396286231884 0.1794327445652174 0.8488734148550724 0.11149796195652177 0.8927479619565217 0.17377151268115945 0.8007529438405797 0.25444406702898553
2 0.15254189311594205 0.5969485960144928 0.1412194293478261 0.6082710597826088 0.15678781702898553 0.646484375 0.1808480525362319 0.6365772192028986
