2 0.606319304435484 0.17631678427419353 0.658297631048387 0.1337890625 0.703975554435484 0.09598664314516128 0.7165763608870968 0.11331275201612903 0.7339024697580645 0.08968623991935483 0.7906060987903225 0.13851436491935484 0.7307522681451613 0.19994329637096775 0.755953881048387 0.22672001008064516 0.6850743447580645 0.2897240423387097 0.6330960181451613 0.22514490927419353 0.6362462197580645 0.2062436995967742
2 0.19836819556451613 0.3038999495967742 0.17474168346774194 0.3306766633064516 0.24404611895161293 0.39053049395161293 0.35115297379032256 0.2802734375 0.32122605846774194 0.23932081653225806 0.33225176411290325 0.2078188004032258 0.30862525201612906 0.18734248991935484 0.28657384072580644 0.21096900201612903 0.26294732862903225 0.1952179939516129 0.2314453125 0.23617061491935484 0.2219947076612903 0.22514490927419353 0.17789188508064518 0.26924773185483875
3 0.025107106854838718 0.4141570060483871 0.06290952620967744 0.3842300907258065 0.03928301411290325 0.3606035786290323 0.06605972782258066 0.34170236895161293 0.08811113911290325 0.3637537802419355 0.1432396673387097 0.30862525201612906 0.2314453125 0.40155619959677424 0.07551033266129034 0.5181136592741935 0.010931199596774216 0.4330582157258065
2 0.6677482358870968 0.5826927923387096 0.6378213205645162 0.6126197076612903 0.7260269657258065 0.699250252016129 0.8772366431451613 0.5779674899193548 0.7748550907258065 0.46928553427419356 0.7386277721774193 0.5023626512096774 0.707125756048387 0.4708606350806452 0.6488470262096775 0.511813256048387 0.6661731350806452 0.5307144657258064 0.6393964213709677 0.5543409778225806
3 0.6693233366935485 0.9055884576612903 0.6897996471774193 0.8898374495967741 0.6567225302419355 0.8662109375 0.7150012600806452 0.8095073084677419 0.8646358366935485 0.9244896673387096 0.7937563004032258 0.9953692036290323
2 0.0014805947580645296 0.7197265625 0.105437247983871 0.6409715221774194 0.1448147681451613 0.7024004536290323 0.19836819556451613 0.6551474294354839 0.2408959173387097 0.6929498487903225 0.08181073588709678 0.825258316532258 0.07866053427419356 0.8347089213709677
0 0.17001638104838712 0.5511907762096774 0.2708228326612903 0.6708984375 0.39998109879032256 0.5669417842741935 0.2645224294354839 0.4283329133064516
2 0.42675781250000006 0.2818485383064516 0.5543409778225807 0.1715914818548387 0.650422127016129 0.28499873991935487 0.5669417842741935 0.3511529737903226 0.5968686995967742 0.38107988911290325 0.5401650705645162 0.42045740927419356
1 0.27397303427419356 0.9544165826612903 0.36375378024193544 0.8410093245967741 0.5354397681451613 0.9575667842741935 0.5055128528225807 0.9937941028225806 0.3038999495967742 0.9969443044354839
2 0.837859122983871 0.3999810987903226 0.8961378528225807 0.4629851310483871 0.9040133568548387 0.4488092237903226 0.9622920866935485 0.5196887600806451 0.998046875 0.4933984745611955 0.998046875 0.3527280745967742 0.998046875 0.23459551411290322 0.886687247983871 0.33697706653225806 0.870936239919355 0.32280115927419356 0.8362840221774193 0.349577872983871 0.8551852318548387 0.3779296875
2 0.2944493447580645 0.4125819052419355 0.3165007560483871 0.4362084173387097 0.2960244455645161 0.45353452620967744 0.3936806955645162 0.5511907762096774 0.5023626512096775 0.4771610383064516 0.4850365423387097 0.4598349294354839 0.511813256048387 0.4425088205645161 0.4299080141129032 0.3606035786290323 0.3732043850806452 0.3968308971774194 0.3432774697580645 0.37635458669354843
2 0.7827305947580645 0.7055506552419355 0.8819619455645162 0.581117691532258 0.998046875 0.6911722350230413 0.998046875 0.7890309979838709 0.940240675403226 0.8709362399193548
2 0.2755481350806452 0.1479649697580645 0.31807585685483875 0.11646295362903225 0.33697706653225806 0.1589906754032258 0.37162928427419356 0.1211882560483871 0.3873802923387097 0.1353641633064516 0.39840599798387094 0.11961315524193547 0.37005418346774194 0.09441154233870967 0.4078566028225807 0.05503402217741935 0.5212638608870968 0.14166456653225806 0.41258190524193544 0.28342363911290325
3 0.0849609375 0.13221396169354838 0.017231602822580655 0.04400831653225806 0.05818422379032259 0.0030556955645161255 0.16360572076612892 0.0 0.17001638104838712 0.02195690524193548 0.1936428931451613 0.0030556955645161255 0.22672001008064518 0.02195690524193548
