0 0.643653759057971 0.7469712409420289 0.7370640851449275 0.744140625 0.7229110054347826 0.8375509510869565 0.632331295289855 0.8375509510869565
3 0.4851392663043478 0.5417515851449276 0.5955332880434783 0.5474128170289855 0.5884567481884058 0.649314990942029 0.4780627264492754 0.6365772192028986
3 0.42711163949275366 0.657806838768116 0.5474128170289855 0.6648833786231885 0.5332597373188406 0.7398947010869565 0.42569633152173914 0.7299875452898551
1 0.4653249547101449 0.7922610960144928 0.5700577445652174 0.7979223278985508 0.5615658967391304 0.8913326539855072 0.45400249094202894 0.8856714221014492
1 0.49787703804347827 0.4724014945652174 0.5757189764492753 0.4525871829710145 0.5997792119565217 0.5247678894927537 0.5176913496376812 0.5502434329710145
1 0.4596637228260869 0.47098618659420294 0.49787703804347827 0.4582484148550725 0.5077841938405797 0.5247678894927537 0.47381680253623193 0.5346750452898551
3 0.6620527626811594 0.6648833786231885 0.7682008605072463 0.6776211503623188 0.7851845561594203 0.5969485960144928 0.6705446105072463 0.5672271286231885
1 0.7738620923913043 0.6082710597826088 0.8347203351449275 0.6082710597826088 0.8318897192028984 0.7002660778985508 0.7597090126811594 0.6861129981884058
3 0.46815557065217395 0.40588201992753625 0.48938519021739124 0.3223788496376812 0.5658118206521738 0.3421931612318841 0.543166893115942 0.43277287137681164
3 0.652145606884058 0.3209635416666667 0.7073426177536232 0.3365319293478261 0.6988507699275361 0.3634227807971015 0.6422384510869564 0.3549309329710145
1 0.7809386322463767 0.21623075181159424 0.8601958786231884 0.1454653532608696 0.936622509057971 0.2204766757246377 0.8545346467391304 0.2954879981884058
3 0.6563915307971014 0.2374603713768116 0.7144191576086956 0.19500113224637683 0.7766927083333333 0.2657665307971015 0.7144191576086956 0.3011492300724638
3 0.5643965126811594 0.19075520833333337 0.6210088315217391 0.15395720108695654 0.6606374547101449 0.21623075181159424 0.5969485960144927 0.2601052989130435
0 0.38465240036231885 0.10159080615942032 0.49787703804347827 0.08885303442028988 0.5035382699275363 0.1850939764492754 0.3832370923913043 0.20915421195652176
1 0.3945595561594203 0.3096410778985508 0.4370187952898551 0.3223788496376812 0.42711163949275366 0.3747452445652174 0.3832370923913043 0.3719146286231884
3 0.32237884963768115 0.3011492300724638 0.39739017210144933 0.29973392210144933 0.3818217844202899 0.41012794384057977 0.30256453804347827 0.40588201992753625
2 0.729987545289855 0.06479279891304351 0.8078294836956521 0.09451426630434785 0.7611243206521738 0.19500113224637683 0.6846976902173912 0.17235620471014496
2 0.5672271286231884 0.05913156702898554 0.6210088315217391 0.011011096014492794 0.7002660778985507 0.07469995471014496 0.6153475996376812 0.15820312500000003
