2 0.3889553931451613 0.17631678427419353 0.4582598286290323 0.18104208669354838 0.46298513104838707 0.27082283266129037 0.3810798891129032 0.28342363911290325
3 0.4944871471774193 0.3149256552419355 0.4803112399193548 0.18576738911290322 0.5433152721774193 0.18104208669354838 0.5464654737903225 0.3102003528225807
3 0.4456590221774193 0.15584047379032256 0.45353452620967744 0.13693926411290322 0.48188634072580644 0.13221396169354838 0.5244140625 0.13063886088709678 0.557491179435484 0.12433845766129031 0.5480405745967742 0.16214087701612903 0.537014868951613 0.1967930947580645 0.47401083669354843 0.19836819556451613
2 0.5196887600806452 0.8268334173387096 0.5480405745967742 0.7370526713709677 0.5637915826612903 0.7449281754032258 0.5700919858870968 0.7181514616935484 0.560641381048387 0.7087008568548386 0.606319304435484 0.6047442036290323 0.6189201108870968 0.601594002016129 0.6315209173387097 0.5732421875 0.6283707157258065 0.5543409778225806 0.6708984375 0.4582598286290323 0.683499243951613 0.43935861895161293 0.755953881048387 0.4724357358870968 0.7213016633064517 0.5669417842741935 0.6756237399193548 0.6771988407258064 0.634671118951613 0.7701297883064516 0.606319304435484 0.8614856350806451
2 0.755953881048387 0.874086441532258 0.7874558971774193 0.7953314012096774 0.809507308467742 0.7953314012096774 0.8189579133064517 0.7906060987903225 0.9323651713709677 0.8331338205645161 0.9040133568548387 0.943390877016129 0.8536101310483872 0.9559916834677419 0.8362840221774193 0.9276398689516129 0.7937563004032258 0.9166141633064516
2 0.14638986895161293 0.6708984375 0.154265372983871 0.6220703125 0.21884450604838712 0.6409715221774194 0.21884450604838712 0.6535723286290323 0.2408959173387097 0.6425466229838709 0.23932081653225806 0.6850743447580645 0.2219947076612903 0.6929498487903225
3 0.14008946572580644 0.7039755544354839 0.14008946572580644 0.6708984375 0.22041960685483875 0.7024004536290323 0.2172694052419355 0.7307522681451613
2 0.203093497983871 0.43935861895161293 0.23774571572580644 0.35745337701612906 0.3275264616935484 0.3842300907258065 0.2897240423387097 0.48818674395161293
2 0.27397303427419356 0.707125756048387 0.2771232358870968 0.6913747479838709 0.2676726310483871 0.6819241431451613 0.2786983366935484 0.6677482358870968 0.26924773185483875 0.6598727318548386 0.3038999495967742 0.5464654737903225 0.31807585685483875 0.5653666834677419 0.3259513608870968 0.5181136592741935 0.3133505544354839 0.5196887600806451 0.3669039818548387 0.40470640120967744 0.3826549899193548 0.3889553931451613 0.4456590221774193 0.40628150201612906 0.4440839213709678 0.42518271169354843 0.46141003024193544 0.43463331653225806 0.42045740927419356 0.5511907762096774 0.3810798891129032 0.658297631048387 0.3401272681451613 0.7370526713709677
2 0.06920992943548387 0.6409715221774194 0.06605972782258066 0.5937184979838709 0.048733618951612906 0.5874180947580645 0.05660912298387097 0.4755859375 0.07708543346774194 0.4755859375 0.07708543346774194 0.45038432459677424 0.15269027217741937 0.46771043346774194 0.15584047379032256 0.6047442036290323 0.13536416330645162 0.6488470262096774
2 0.08023563508064518 0.4330582157258065 0.07551033266129034 0.32122605846774194 0.0975617439516129 0.31807585685483875 0.08968623991935484 0.29759954637096775 0.1574155745967742 0.29287424395161293 0.1574155745967742 0.3133505544354839 0.17001638104838712 0.3149256552419355 0.18104208669354838 0.4456590221774194 0.1574155745967742 0.4771610383064516
2 0.8394342237903225 0.6630229334677419 0.8677860383064517 0.5795425907258064 0.9008631552419355 0.5921433971774194 0.907163558467742 0.5779674899193548 0.9906439012096775 0.6126197076612903 0.998046875 0.6585181451612895 0.998046875 0.7197265625 0.9607169858870968 0.7102759576612903
