2 0.26688508064516125 0.5921433971774194 0.34879032258064524 0.5748172883064516 0.381867439516129 0.7039755544354839 0.2700352822580645 0.7228767641129032
2 0.35666582661290325 0.3306766633064516 0.47479838709677424 0.38107988911290325 0.3865927419354839 0.5086630544354839 0.26688508064516125 0.43148311491935487
3 0.373991935483871 0.1826171875 0.4873991935483871 0.22672001008064516 0.4322706653225806 0.3401272681451613 0.32988911290322587 0.300749747983871
3 0.7693422379032259 0.4771610383064516 0.7457157258064516 0.5511907762096774 0.8386466733870968 0.5700919858870968 0.8669984879032258 0.4755859375 0.8228956653225807 0.46771043346774194 0.8181703629032259 0.4850365423387097
3 0.8118699596774194 0.3054750504032258 0.7756426411290323 0.4094317036290323 0.898500504032258 0.43148311491935487 0.923702116935484 0.35587827620967744
2 0.10307459677419353 0.35745337701612906 0.17552923387096772 0.23774571572580644 0.25113407258064513 0.2802734375 0.17710433467741934 0.41730720766129037
3 0.1251260080645161 0.447234122983871 0.16450352822580647 0.38580519153225806 0.2054561491935484 0.4330582157258065 0.1739541330645161 0.4850365423387097
3 0.7945438508064516 0.1605657762096774 0.903225806451613 0.16529107862903225 0.874873991935484 0.28814894153225806 0.7614667338709677 0.2645224294354839
3 0.8874747983870968 0.023532006048387094 0.8669984879032258 0.11331275201612903 0.9552041330645162 0.13851436491935484 0.9693800403225807 0.059759324596774195
2 0.024319556451612906 0.8614856350806451 0.11725050403225803 0.8284085181451613 0.14245211693548385 0.9449659778225806 0.027469758064516125 0.9764679939516129
