3 0.534675045289855 0.7696161684782609 0.6238394474637681 0.7030966938405797 0.6592221467391304 0.7653702445652174 0.5799649003623188 0.836135643115942
1 0.6875283061594203 0.6691293025362319 0.7469712409420289 0.7101732336956522 0.7016813858695652 0.7582937047101449 0.6535609148550724 0.7115885416666666
2 0.47523211050724634 0.8432121829710145 0.6195935235507246 0.8785948822463768 0.6040251358695652 0.956436820652174 0.456833106884058 0.9111469655797101
1 0.30114923007246375 0.8219825634057971 0.36483808876811596 0.7823539402173914 0.4030514039855072 0.8375509510869565 0.33653192934782605 0.8743489583333334
3 0.1836786684782609 0.8545346467391304 0.261520606884058 0.8446274909420289 0.2714277626811594 0.8984091938405797 0.18792459239130438 0.9153928894927537
1 0.07753057065217395 0.6762058423913043 0.15537250905797104 0.6323312952898551 0.18650928442028988 0.6974354619565217 0.11149796195652176 0.7356487771739131
1 0.07611526268115945 0.40588201992753625 0.15961843297101452 0.3365319293478261 0.21764605978260873 0.4143738677536232 0.13555819746376815 0.4752321105072464
1 0.06337749094202902 0.5247678894927537 0.12140511775362323 0.4582484148550725 0.1822633605072464 0.5219372735507246 0.11998980978260873 0.5771342844202899
1 0.12989696557971017 0.7639549365942029 0.18933990036231887 0.7214956974637681 0.23887567934782608 0.8120754076086957 0.16527966485507248 0.8460427989130435
3 0.12706634963768118 0.8630264945652174 0.17660212862318844 0.8672724184782609 0.1794327445652174 0.9253000452898551 0.12848165760869568 0.9267153532608695
3 0.04356317934782612 0.8870867300724637 0.07611526268115945 0.836135643115942 0.1412194293478261 0.8644418025362319 0.13838881340579712 0.8715183423913043 0.11291326992753625 0.9352072010869565
1 0.22472259963768118 0.6280853713768116 0.27284307065217395 0.7568783967391305 0.3804064764492754 0.6804517663043478 0.32237884963768115 0.5856261322463768
1 0.33653192934782605 0.5686424365942029 0.3874830163043478 0.640823143115942 0.43277287137681164 0.6068557518115942 0.3804064764492754 0.5332597373188406
3 0.39880548007246375 0.5417515851449276 0.44834125905797106 0.5077841938405797 0.4851392663043478 0.5643965126811594 0.45400249094202894 0.5955332880434783
1 0.2969033061594203 0.4200350996376812 0.3521003170289855 0.40022078804347827 0.3733299365942029 0.4752321105072464 0.3195482336956522 0.4950464221014493
1 0.4851392663043478 0.6040251358695652 0.5049535778985507 0.6677139945652174 0.6011945199275361 0.629500679347826 0.5757189764492753 0.5700577445652174
1 0.7582937047101449 0.649314990942029 0.830474411231884 0.5827955163043479 0.8899173460144927 0.652145606884058 0.8149060235507246 0.7101732336956522
1 0.22755321557971017 0.23038383152173916 0.25161345108695654 0.29124207427536236 0.3266247735507246 0.26435122282608703 0.2898267663043479 0.2034929800724638
1 0.6266700634057971 0.45117187500000006 0.6733752264492753 0.5007076539855073 0.7030966938405797 0.4582484148550725 0.6578068387681159 0.4172044836956522
1 0.5389209692028986 0.3195482336956522 0.5275985054347826 0.4016360960144928 0.6195935235507246 0.4044667119565218 0.6238394474637681 0.3365319293478261
1 0.5771342844202898 0.44834125905797106 0.5134454257246377 0.5615658967391305 0.5856261322463768 0.5870414402173914 0.6394078351449275 0.46815557065217395
1 0.652145606884058 0.2431216032608696 0.6266700634057971 0.3195482336956522 0.6747905344202898 0.3407778532608696 0.6917742300724637 0.27001245471014496
