2 0.07192786654135341 0.2547579887218045 0.2584292763157895 0.2665061090225564 0.2378700657894737 0.4867833646616541 0.055774201127819584 0.48237781954887216
0 0.6329006109022556 0.2283247180451128 0.5991247650375939 0.09468984962406017 0.7445077537593985 0.04916588345864664 0.788563204887218 0.19601738721804512
2 0.13801104323308275 0.8803453947368421 0.13654252819548876 0.6306978383458647 0.18940906954887218 0.6218867481203008 0.19087758458646617 0.8818139097744361
2 0.2980791823308271 0.8465695488721805 0.2863310620300752 0.5895794172932332 0.3465401785714286 0.5807683270676692 0.36416235902255634 0.8583176691729324
2 0.44786771616541354 0.5543350563909775 0.5110138627819548 0.5484609962406015 0.5198249530075187 0.8157307330827068 0.45961583646616544 0.8201362781954887
2 0.6784245770676691 0.7658012218045113 0.6622709116541353 0.49999999999999994 0.6123414003759398 0.50734257518797 0.6211524906015037 0.7672697368421053
2 0.8296816259398496 0.7290883458646616 0.8223390507518796 0.4618186090225564 0.7562558740601504 0.46769266917293234 0.7738780545112781 0.7232142857142857
0 0.8208705357142857 0.23273026315789477 0.8047168703007518 0.20776550751879702 0.782689144736842 0.13727678571428575 0.7782835996240601 0.110843515037594 0.8487723214285714 0.08294172932330829 0.8678630169172932 0.12699718045112784 0.875205592105263 0.12846569548872183 0.886953712406015 0.19454887218045117 0.881079652255639 0.19601738721804512 0.8884222274436089 0.22538768796992484
2 0.9016388627819549 0.48090930451127817 0.9368832236842104 0.41629464285714285 0.998046875 0.46750142070292 0.998046875 0.5513980263157895
2 0.7635984492481203 0.306156015037594 0.7415707236842105 0.21363956766917297 0.8223390507518796 0.20042293233082709 0.8443667763157894 0.3134985902255639
3 0.5844396146616541 0.2679746240601504 0.6387746710526315 0.26944313909774437 0.6108728853383458 0.17692669172932332 0.5653489191729323 0.19601738721804512
