1 0.5800340695488723 0.3927984022556391 0.6270265507518797 0.34727443609022557 0.6857671522556391 0.40454652255639095 0.6461172462406015 0.4515390037593985
3 0.25108670112781956 0.2635690789473684 0.3494772086466165 0.2767857142857143 0.3362605733082707 0.35167998120300753 0.2393385808270677 0.3340578007518797
1 0.6505227913533835 0.498531484962406 0.7268855733082707 0.4471334586466165 0.7709410244360902 0.5190906954887219 0.6887041823308271 0.5675516917293233
2 0.07633341165413536 0.5895794172932332 0.25402373120300753 0.6189497180451128 0.22905897556390978 0.7261513157894737 0.03815202067669175 0.6791588345864662
3 0.1805979793233083 0.398672462406015 0.29073660714285715 0.40454652255639095 0.2936736372180451 0.47356672932330823 0.17619243421052633 0.46622415413533835
3 0.5110138627819549 0.7775493421052632 0.5638804041353384 0.7173402255639098 0.6740190319548872 0.8025140977443609 0.6314320958646616 0.8597861842105263
2 0.3729734492481203 0.11231203007518799 0.39646968984962405 0.040354793233082734 0.5447897086466166 0.062382518796992505 0.5315730733082707 0.13580827067669177
3 0.7298226033834587 0.36636513157894735 0.787094689849624 0.3193726503759398 0.8561148966165414 0.3927984022556391 0.7856261748120301 0.43391682330827064
1 0.8810796522556391 0.7202772556390977 0.998046875 0.7539053321781014 0.9647850093984963 0.8495065789473685 0.8546463815789475 0.8157307330827068
2 0.7283540883458647 0.15343045112781958 0.7665354793233083 0.09468984962406017 0.8634574718045113 0.1504934210526316 0.8061853853383459 0.21217105263157898
3 0.8590519266917294 0.06531954887218047 0.9177925281954887 0.013921522556391003 0.9721275845864662 0.07413063909774438 0.9104499530075189 0.12699718045112784
1 0.9148554981203008 0.307624530075188 0.998046875 0.3207600106351404 0.997092340225564 0.42510573308270677 0.9060444078947368 0.401609492481203
3 0.6842986372180452 0.24741541353383462 0.7166059680451128 0.21363956766917297 0.7738780545112782 0.2665061090225564 0.7254170582706767 0.301750469924812
1 0.6417117011278196 0.7217457706766918 0.6754875469924813 0.6659421992481204 0.7489132988721805 0.7129346804511278 0.7254170582706767 0.7452420112781956 0.697515272556391 0.7775493421052632
2 0.6828301221804511 0.6233552631578948 0.6769560620300752 0.6262922932330828 0.7283540883458647 0.5528665413533835 0.8120594454887219 0.6116071428571429 0.7533188439849624 0.6835643796992481
