0 0.21411920362903225 0.5716670866935484 0.4094317036290323 0.5795425907258064 0.39053049395161293 0.7402028729838709 0.29287424395161293 0.7323273689516129 0.3038999495967742 0.6330960181451613 0.21096900201612906 0.6441217237903225
2 0.7906060987903225 0.29759954637096775 0.894562752016129 0.3102003528225807 0.870936239919355 0.44093371975806456 0.7669795866935485 0.41888230846774194
3 0.8473097278225807 0.6204952116935484 0.8929876512096775 0.6173450100806451 0.8882623487903227 0.6834992439516129 0.8394342237903225 0.6724735383064516
3 0.6472719254032258 0.609469506048387 0.683499243951613 0.6000189012096774 0.6866494455645162 0.6283707157258064 0.7150012600806452 0.6220703125 0.7181514616935485 0.650422127016129 0.6456968245967742 0.6456968245967741
3 0.634671118951613 0.6866494455645161 0.6929498487903225 0.6803490423387096 0.691374747983871 0.7465032762096774 0.6441217237903225 0.7496534778225806
3 0.5732421875 0.7307522681451613 0.6189201108870968 0.699250252016129 0.6456968245967742 0.7244518649193548 0.593718497983871 0.7654044858870968
3 0.7307522681451613 0.678773941532258 0.7780052923387097 0.6850743447580645 0.776430191532258 0.7323273689516129 0.7354775705645162 0.7323273689516129
3 0.27239793346774194 0.2078188004032258 0.3165007560483871 0.16844128024193547 0.349577872983871 0.1952179939516129 0.3133505544354839 0.23932081653225806
2 0.8599105342741937 0.18891759072580644 0.9166141633064517 0.1731665826612903 0.948116179435484 0.2960244455645161 0.8677860383064517 0.28499873991935487
1 0.5433152721774193 0.532289566532258 0.544890372983871 0.47873613911290325 0.6204952116935485 0.48976184475806456 0.614194808467742 0.5354397681451613
3 0.42675781250000006 0.6000189012096774 0.49606224798387094 0.5543409778225806 0.5291393649193548 0.5984438004032258 0.4645602318548387 0.6456968245967741
3 0.4299080141129032 0.7165763608870968 0.4724357358870968 0.6756237399193548 0.5228389616935485 0.7449281754032258 0.4787361391129032 0.7843056955645161
1 0.6897996471774193 0.2771232358870968 0.7181514616935485 0.23459551411290322 0.7748550907258065 0.28342363911290325 0.7417779737903225 0.3291015625
3 0.6929498487903225 0.41730720766129037 0.6882245463709677 0.38580519153225806 0.7417779737903225 0.38580519153225806 0.7465032762096775 0.43148311491935487
