2 0.8173828125 0.8882623487903225 0.8803868447580645 0.7827305947580645 0.955991683467742 0.8189579133064516 0.992219002016129 0.7937563004032258 0.998046875 0.8243526335685483 0.9859185987903227 0.8473097278225806 0.9733177923387097 0.8378591229838709 0.9292149697580645 0.8929876512096774 0.886687247983871 0.922914566532258
2 0.7307522681451613 0.8032069052419355 0.703975554435484 0.7402028729838709 0.796906502016129 0.7087008568548386 0.8158077116935485 0.7795803931451613
2 0.3102003528225807 0.8504599294354839 0.40628150201612906 0.8095073084677419 0.43935861895161293 0.9024382560483871 0.35115297379032256 0.9355153729838709
3 0.45353452620967744 0.6519972278225806 0.4440839213709678 0.5795425907258064 0.5007875504032258 0.5622164818548386 0.511813256048387 0.6567225302419355
2 0.7370526713709677 0.2534967237903226 0.8063571068548387 0.22514490927419353 0.8425844254032258 0.30705015120967744 0.809507308467742 0.31965095766129037 0.7953314012096775 0.29759954637096775 0.7638293850806452 0.30862525201612906
2 0.7465032762096775 0.39525579637096775 0.7669795866935485 0.43148311491935487 0.7433530745967742 0.43935861895161293 0.781155493951613 0.5149634576612903 0.9024382560483872 0.46613533266129037 0.8614856350806452 0.36690398185483875
2 0.17159148185483875 0.34327746975806456 0.2645224294354839 0.29287424395161293 0.3038999495967742 0.3590284778225807 0.2078188004032258 0.41573210685483875
3 0.5196887600806452 0.8205330141129032 0.5905682963709677 0.8000567036290323 0.6189201108870968 0.8835370463709677 0.5354397681451613 0.9087386592741935
2 0.11173765120967744 0.8268334173387096 0.10228704637096775 0.8189579133064516 0.1306388608870968 0.7890309979838709 0.2062436995967742 0.8567603326612903 0.16214087701612906 0.9040133568548386 0.09598664314516131 0.8473097278225806
2 0.8362840221774193 0.5480405745967741 0.8851121471774195 0.5291393649193548 0.9008631552419355 0.5496156754032258 0.943390877016129 0.5133883568548386 0.992219002016129 0.5748172883064516 0.8614856350806452 0.6236454133064516
1 0.06605972782258066 0.032982610887096774 0.05818422379032259 0.12748865927419353 0.12433845766129031 0.11488785282258064 0.11173765120967744 0.0361328125
