1 0.9034944282945737 0.07530886627906978 0.8444464631782945 0.035943556201550396 0.868671269379845 0.004148498062015517 0.9216630329457364 0.028373304263565904
3 0.5416363856589148 0.2282279554263566 0.6324794089147288 0.17675024224806202 0.6794149709302326 0.26910731589147285 0.5900859980620156 0.31907097868217055
3 0.13738493217054268 0.39931564922480617 0.17220809108527133 0.3947734980620155 0.13738493217054268 0.3296693313953488 0.1071039244186047 0.3326974321705426
3 0.13738493217054268 0.30695857558139533 0.18432049418604654 0.28576187015503873 0.2312560562015504 0.3690346414728682 0.16312378875968994 0.3887172965116279
3 0.3478379360465117 0.6067405523255813 0.4295966569767442 0.5325520833333333 0.5189256298449613 0.6642744670542635 0.4280826065891473 0.7278645833333333
3 0.7127240794573644 0.3660065406976744 0.7732860949612403 0.27516351744186046 0.8444464631782945 0.31150072674418605 0.7702579941860466 0.417484253875969
3 0.43716690891472876 0.8944101259689922 0.3508660368217055 0.8247638081395349 0.41142805232558144 0.7717720445736433 0.5052991763565892 0.8399043120155039
3 0.8656431686046512 0.7430050872093023 0.8368762112403101 0.6824430717054263 0.9004663275193799 0.6415637112403101 0.9368035368217055 0.6990976259689922
3 0.3432957848837209 0.09044937015503877 0.2887899709302326 0.026859253875969005 0.3350475748277348 3.469446951953614e-18 0.39780159883720934 0.054112160852713184
3 0.5158975290697675 0.20703125 0.432624757751938 0.18280644379844962 0.46290576550387597 0.09801962209302327 0.5643471414728682 0.13284278100775196
3 0.8671572189922482 0.18734859496124032 0.8444464631782945 0.20400314922480622 0.8171935562015504 0.16160973837209303 0.8989522771317829 0.08136506782945738 0.9928234011627907 0.19340479651162792 0.9337754360465117 0.2236858042635659 0.9080365794573643 0.20854530038759692 0.8807836724806203 0.222171753875969
3 0.8595869670542636 0.47199006782945735 0.9383175872093023 0.43716690891472865 0.9716266957364342 0.5446644864341085 0.8944101259689922 0.5719173934108527
3 0.8353621608527132 0.3978015988372093 0.8928960755813954 0.32058502906976744 0.9973655523255814 0.3887172965116279 0.9231770833333334 0.4689619670542635
3 0.8217357073643411 0.12830062984496127 0.8474745639534883 0.08287911821705428 0.8035671027131783 0.05714026162790699 0.7823703972868218 0.10407582364341086
2 0.5779735949612403 0.035943556201550396 0.6021984011627908 0.007176598837209317 0.6930414244186047 0.001120397286821719 0.6400496608527132 0.07228076550387598
