3 0.4522732612781955 0.2386043233082707 0.5212934680451128 0.19308035714285718 0.5770970394736843 0.2562265037593985 0.505139802631579 0.3149671052631579
3 0.20409421992481205 0.1328712406015038 0.28926809210526316 0.13433975563909778 0.2936736372180451 0.209234022556391 0.208499765037594 0.20042293233082709
3 0.5536007988721805 0.1314027255639098 0.5917821898496242 0.05944548872180454 0.6798930921052632 0.10203242481203009 0.6387746710526316 0.1798637218045113
3 0.2187793703007519 0.29881343984962405 0.3142328477443609 0.24447838345864664 0.3759104793233083 0.29881343984962405 0.26430333646616544 0.37664473684210525
3 0.7474447838345865 0.02860667293233085 0.7650669642857143 0.07853618421052633 0.8649259868421053 0.04916588345864664 0.8244364357585139 -6.938893903907228e-18
3 0.21584234022556392 0.5337758458646616 0.3142328477443609 0.502937030075188 0.34213463345864664 0.5807683270676692 0.2364015507518797 0.5983905075187971
3 0.06017974624060153 0.7423049812030076 0.13654252819548873 0.6703477443609023 0.21437382518796994 0.696781015037594 0.12332589285714288 0.792234492481203
3 0.2187793703007519 0.689438439849624 0.18206649436090228 0.8304158834586466 0.2745829417293233 0.8392269736842105 0.2833940319548872 0.70265507518797
1 0.29073660714285715 0.7041235902255639 0.3656308740601504 0.7041235902255639 0.3641623590225564 0.8039826127819549 0.2863310620300752 0.798108552631579
1 0.16591282894736845 0.8201362781954887 0.2863310620300752 0.8392269736842105 0.2716459116541354 0.9067786654135338 0.1585702537593985 0.8862194548872181
3 0.47723801691729323 0.7437734962406015 0.5345101033834587 0.7290883458646616 0.5741600093984963 0.793703007518797 0.4904546522556391 0.8157307330827068
1 0.4434621710526316 0.7569901315789473 0.4889861372180451 0.7452420112781956 0.506608317669173 0.8362899436090225 0.4552102913533835 0.8392269736842105
3 0.2745829417293233 0.9199953007518797 0.3112958176691729 0.8039826127819549 0.3832530545112782 0.8025140977443609 0.3773789943609023 0.9449600563909775
