2 0.31177545362903225 0.3480027721774194 0.349577872983871 0.1574155745967742 0.4425088205645162 0.17946698588709678 0.4094317036290323 0.37162928427419356
0 0.48188634072580644 0.22987021169354838 0.49763734879032256 0.10701234879032258 0.5779674899193548 0.11961315524193547 0.5559160786290323 0.251921622983871
3 0.0975617439516129 0.7008253528225806 0.16686617943548387 0.6047442036290323 0.25979712701612906 0.6645980342741935 0.19836819556451613 0.7339024697580645 0.16214087701612906 0.6976751512096774 0.13536416330645162 0.7449281754032258
1 0.727602066532258 0.796906502016129 0.8142326108870968 0.825258316532258 0.7937563004032258 0.9087386592741935 0.699250252016129 0.8914125504032258
3 0.03298261088709678 0.30862525201612906 0.07708543346774194 0.18891759072580644 0.15584047379032256 0.2219947076612903 0.09598664314516131 0.3590284778225807
3 0.6708984375 0.040858114919354836 0.7087008568548387 0.01723160282258064 0.7102759576612903 0.03770791330645161 0.7339024697580645 0.026682207661290317 0.7732799899193548 0.06448462701612903 0.796906502016129 0.05660912298387097 0.8079322076612903 0.0723601310483871 0.8236832157258065 0.11331275201612903 0.7354775705645162 0.15111517137096772
1 0.9008631552419355 0.727602066532258 0.8756615423387097 0.8189579133064516 0.9701675907258065 0.8425844254032258 0.998046875 0.7601587153751758
0 0.27239793346774194 0.27397303427419356 0.28657384072580644 0.2188445060483871 0.3259513608870968 0.21569430443548387 0.3149256552419355 0.28814894153225806 0.2960244455645161 0.300749747983871 0.2755481350806452 0.2912991431451613
3 0.10386214717741937 0.6283707157258064 0.10386214717741937 0.5858429939516129 0.1432396673387097 0.5795425907258064 0.14166456653225806 0.629945816532258
0 0.8677860383064517 0.8599105342741935 0.935515372983871 0.8898374495967741 0.8803868447580645 0.9638671875 0.845734627016129 0.9449659778225806 0.8536101310483872 0.8929876512096774
1 0.300749747983871 0.9150390625 0.3054750504032258 0.8709362399193548 0.33540196572580644 0.8756615423387096 0.3432774697580645 0.8347089213709677 0.4031313004032258 0.8268334173387096 0.3952557963709678 0.9607169858870968 0.3385521673387097 0.9449659778225806 0.34170236895161293 0.9276398689516129
