2 0.5601505887681159 0.3195482336956522 0.652145606884058 0.3096410778985508 0.6762058423913043 0.3959748641304348 0.5743036684782609 0.4143738677536232
2 0.2402909873188406 0.1454653532608696 0.30681046195652173 0.09876019021739134 0.36342278079710144 0.17094089673913046 0.2898267663043479 0.22896852355072467
3 0.022333559782608738 0.5827955163043479 0.11149796195652176 0.5714730525362319 0.11574388586956524 0.649314990942029 0.020918251811594242 0.663468070652174
1 0.01525701992753627 0.6776211503623188 0.11432857789855075 0.7045120018115942 0.09026834239130438 0.7696161684782609 0.0 0.7457216072570332
1 0.19500113224637683 0.4950464221014493 0.27425837862318847 0.42994225543478265 0.27425837862318847 0.42994225543478265 0.3337013134057971 0.4964617300724638 0.26010529891304346 0.5672271286231885
2 0.3888983242753623 0.5629812047101449 0.5063688858695652 0.537505661231884 0.5247678894927535 0.6167629076086957 0.4016360960144928 0.6337466032608696
0 0.4313575634057971 0.7144191576086957 0.5261831974637681 0.7002660778985508 0.545997509057971 0.7865998641304348 0.4299422554347826 0.7979223278985508
1 0.4299422554347826 0.8233978713768116 0.545997509057971 0.7936764039855072 0.5629812047101449 0.8672724184782609 0.4525871829710145 0.8828408061594203
1 0.4426800271739131 0.8984091938405797 0.5672271286231884 0.8729336503623188 0.5827955163043478 0.9521908967391304 0.456833106884058 0.9790817481884058
0 0.5941179800724637 0.49787703804347827 0.6931895380434783 0.48796988224637683 0.7115885416666666 0.5941179800724637 0.6082710597826086 0.6054404438405797
2 0.6365772192028986 0.652145606884058 0.7115885416666666 0.635161911231884 0.7398947010869564 0.7851845561594203 0.6691293025362318 0.7908457880434783
2 0.32096354166666663 0.03648663949275366 0.3466393250134192 0.0 0.42003509963768115 0.003934556159420332 0.47381680253623193 0.04922441123188409 0.41861979166666663 0.11291326992753627
1 0.31388700181159424 0.4044667119565218 0.3747452445652174 0.3421931612318841 0.445510643115942 0.4143738677536232 0.3690840126811594 0.4752321105072464
3 0.8573652626811593 0.47381680253623193 0.9422837409420289 0.4610790307971015 0.9620980525362318 0.5615658967391305 0.8715183423913043 0.5771342844202899
1 0.8474581068840579 0.6337466032608696 0.9040704257246376 0.6323312952898551 0.9168081974637681 0.7455559329710145 0.8573652626811593 0.7639549365942029
3 0.732818161231884 0.6677139945652174 0.7851845561594203 0.6620527626811594 0.8049988677536232 0.7625396286231884 0.7483865489130435 0.7724467844202899
2 0.9125622735507246 0.8757642663043478 0.9875735960144928 0.853119338768116 0.9946501358695651 0.9521908967391304 0.919638813405797 0.9677592844202898
2 0.7483865489130435 0.8856714221014492 0.8290591032608695 0.8743489583333334 0.8446274909420289 0.9833276721014492 0.7512171648550724 0.9960654438405797
2 0.7540477807971014 0.2869961503623189 0.8474581068840579 0.25868999094202905 0.8672724184782609 0.38606770833333337 0.7611243206521738 0.40022078804347827
1 0.7724467844202898 0.48513926630434784 0.8658571105072463 0.48513926630434784 0.8771795742753623 0.5743036684782609 0.7781080163043478 0.5785495923913043
1 0.9125622735507246 0.22896852355072467 0.998046875 0.20415041345254797 0.998046875 0.35634624094202905 0.928130661231884 0.35210031702898553
2 0.013841711956521778 0.7936764039855072 0.11715919384057974 0.824813179347826 0.08460711050724641 0.928130661231884 0.0025192481884058378 0.8941632699275363
