2 0.8998245018115941 0.7837692481884058 0.998046875 0.781114589453584 0.9932348278985507 0.939453125 0.8955785778985507 0.9408684329710145
1 0.4228657155797102 0.8984091938405797 0.4525871829710145 0.8545346467391304 0.5445822010869565 0.9040704257246377 0.5049535778985507 0.9734205163043478
3 0.353515625 0.956436820652174 0.39172894021739135 0.8885020380434783 0.4653249547101449 0.9267153532608695 0.4313575634057971 0.9946501358695652
3 0.49646173007246375 0.8686877264492754 0.5233525815217391 0.8035835597826086 0.5757189764492753 0.8290591032608695 0.5474128170289855 0.8913326539855072
3 0.49646173007246375 0.6903589221014493 0.5658118206521738 0.6818670742753623 0.5799649003623188 0.7455559329710145 0.4992923460144927 0.7568783967391305
3 0.4639096467391305 0.6861129981884058 0.48938519021739124 0.548828125 0.5658118206521738 0.5559046648550725 0.554489356884058 0.6889436141304348
2 0.4992923460144927 0.5275985054347826 0.5176913496376812 0.4143738677536232 0.637992527173913 0.44126471920289856 0.6096863677536232 0.554489356884058
3 0.5643965126811594 0.11008265398550728 0.6054404438405797 0.026579483695652214 0.6903589221014492 0.06479279891304351 0.6535609148550724 0.15112658514492755
3 0.5445822010869565 0.25444406702898553 0.5516587409420289 0.19500113224637683 0.6125169836956521 0.21198482789855075 0.5983639039855072 0.27850430253623193
3 0.5191066576086957 0.3209635416666667 0.6790364583333333 0.34643908514492755 0.6691293025362318 0.4455106431159421 0.5049535778985507 0.40588201992753625
2 0.7781080163043478 0.4313575634057971 0.8955785778985507 0.4525871829710145 0.8856714221014492 0.5757189764492754 0.7512171648550724 0.5459975090579711
3 0.7498018568840579 0.40588201992753625 0.7781080163043478 0.3337013134057971 0.8290591032608695 0.3478543931159421 0.8205672554347826 0.37616055253623193 0.8644418025362318 0.3846524003623189 0.8446274909420289 0.4341881793478261
2 0.8064141757246376 0.23038383152173916 0.9422837409420289 0.27850430253623193 0.8969938858695652 0.37616055253623193 0.7738620923913043 0.32945538949275366
2 0.8601958786231884 0.1468806612318841 0.836135643115942 0.2388756793478261 0.9479449728260869 0.27284307065217395 0.9635133605072463 0.1780174365942029
3 0.9153928894927535 0.09592957427536235 0.8969938858695652 0.16527966485507248 0.9819123641304347 0.18933990036231887 0.998046875 0.12614639945652117
