3 0.6231317934782609 0.4908004981884058 0.6712522644927537 0.44975656702898553 0.7490942028985508 0.5360903532608696 0.7193727355072465 0.5672271286231885 0.6684216485507247 0.5162760416666667 0.6443614130434783 0.537505661231884
3 0.08106884057971019 0.6026098278985508 0.12211277173913047 0.5290138134057971 0.08673007246376814 0.5077841938405797 0.11079030797101454 0.44692595108695654 0.23958333333333337 0.5007076539855073 0.21976902173913043 0.5615658967391305 0.16457201086956524 0.5445822010869565 0.14051177536231885 0.6266700634057971
2 0.41508152173913043 0.6606374547101449 0.47169384057971014 0.537505661231884 0.5721807065217391 0.5785495923913043 0.5127377717391305 0.7059273097826088
3 0.6330389492753623 0.744140625 0.689651268115942 0.6733752264492754 0.7788156702898551 0.755463088768116 0.6967278079710145 0.8233978713768116
1 0.2848731884057971 0.31813292572463775 0.39526721014492755 0.3690840126811595 0.3202558876811594 0.5035382699275363 0.21552309782608697 0.4426800271739131
3 0.6967278079710145 0.29690330615942034 0.7519248188405797 0.27284307065217395 0.7788156702898551 0.32945538949275366 0.7193727355072465 0.362007472826087
3 0.7674932065217391 0.47947803442028986 0.801460597826087 0.4426800271739131 0.8297667572463768 0.4724014945652174 0.7943840579710145 0.5191066576086957
3 0.683990036231884 0.44834125905797106 0.7476788949275363 0.38606770833333337 0.795799365942029 0.42428102355072467 0.7519248188405797 0.5120301177536232
1 0.393851902173913 0.1440500452898551 0.4348958333333333 0.04497848731884062 0.508491847826087 0.0860224184782609 0.4702785326086956 0.17660212862318844
2 0.7547554347826088 0.21764605978260873 0.7887228260869565 0.163864356884058 0.8085371376811594 0.19217051630434784 0.8623188405797102 0.12282042572463772 0.9288383152173914 0.1794327445652174 0.8297667572463768 0.3096410778985508 0.7731544384057971 0.27001245471014496 0.7887228260869565 0.2388756793478261
1 0.04851675724637686 0.7130038496376812 0.010303442028985553 0.8092447916666666 0.07965353260869569 0.836135643115942 0.1334352355072464 0.7582937047101449
