2 0.34507166353383456 0.24594689849624063 0.46108435150375937 0.1901433270676692 0.5330415883458647 0.3927984022556391 0.41556038533834583 0.4471334586466165
1 0.7283540883458646 0.18133223684210528 0.7518503289473684 0.1989544172932331 0.782689144736842 0.16517857142857145 0.7635984492481203 0.14755639097744364
2 0.06017974624060152 0.7349624060150376 0.29220512218045114 0.6630051691729324 0.26430333646616544 0.5881109022556391 0.03521499060150379 0.6644736842105263
2 0.1717868890977444 0.3149671052631579 0.2672403665413534 0.6013275375939849 0.3421346334586466 0.5822368421052632 0.24227561090225566 0.2914708646616541
2 0.0043761748120300925 0.3825187969924812 0.18353500939849623 0.33699483082706766 0.16444431390977446 0.2547579887218045 0.0 0.3049274404230916
1 0.45667880639097747 0.8171992481203008 0.5477267387218044 0.7863604323308271 0.5051398026315789 0.7261513157894737 0.41556038533834583 0.7569901315789473
3 0.30835878759398494 0.890625 0.3347920582706767 0.9185267857142857 0.3788475093984962 0.893562030075188 0.3582882988721805 0.8583176691729324
1 0.49632871240601506 0.08000469924812031 0.4463992011278195 0.046228853383458675 0.49192316729323304 0.01245300751879702 0.5418526785714285 0.04916588345864664
1 0.6152784304511277 0.16517857142857145 0.6402431860902256 0.11818609022556392 0.6857671522556391 0.14608787593984965 0.6696134868421052 0.20335996240601506
3 0.6094043703007519 0.06385103383458648 0.6710820018796992 0.1328712406015038 0.7298226033834586 0.08587875939849626 0.6696134868421052 0.01245300751879702
