2 0.600844 0.755164 0.184714 0.135631
2 0.772651 0.292368 0.118033 0.146841
2 0.489041 0.371331 0.118603 0.121783
2 0.537919 0.562566 0.102729 0.12233
2 0.456738 0.910744 0.141046 0.175122
2 0.0486126 0.884751 0.0972252 0.186335
2 0.446808 0.179997 0.10259 0.114574
2 0.853769 0.262597 0.120481 0.154635
2 0.11012 0.553528 0.10636 0.108751
2 0.274894 0.317397 0.141309 0.121004
2 0.784627 0.027386 0.110078 0.0537785
2 0.875266 0.677761 0.141903 0.161893
2 0.921689 0.983951 0.099542 0.0314927
2 0.690199 0.340586 0.0793684 0.0692153
2 0.199977 0.199914 0.107646 0.0833969
2 0.968818 0.824025 0.0603167 0.0799892
2 0.60374 0.0348004 0.104424 0.0687432
2 0.0919201 0.448593 0.108659 0.129216
2 0.370128 0.0256085 0.136998 0.0502467
1 0.0685377 0.0531595 0.0865187 0.0777907
2 0.0353735 0.75114 0.070747 0.0908461
2 0.635198 0.859688 0.105479 0.0961111
2 0.391261 0.685087 0.141235 0.184917
