2 0.731313 0.960276 0.150102 0.0794473
2 0.0688253 0.654493 0.136608 0.130281
2 0.796579 0.356181 0.111883 0.102782
2 0.580067 0.710093 0.155215 0.170595
2 0.647088 0.586504 0.137385 0.142648
2 0.747692 0.426387 0.125974 0.128552
2 0.749059 0.896427 0.144336 0.174934
2 0.842209 0.731954 0.178422 0.164902
2 0.335521 0.179942 0.118145 0.109481
2 0.174168 0.355363 0.174734 0.190406
2 0.713675 0.501375 0.13585 0.124107
2 0.468866 0.974772 0.116889 0.0502052
2 0.0312797 0.751033 0.0620081 0.0752445
0 0.843581 0.298327 0.0997082 0.101439
2 0.965128 0.813514 0.069191 0.136747
2 0.416888 0.0540684 0.118898 0.108137
2 0.50859 0.918167 0.150607 0.15669
2 0.980201 0.403468 0.0394633 0.0888885
