2 0.582739 0.548257 0.131624 0.138878
2 0.478414 0.710107 0.173455 0.224008
2 0.446109 0.351951 0.154075 0.142222
2 0.445514 0.586146 0.0943984 0.122903
2 0.0490025 0.246572 0.098005 0.238216
2 0.296184 0.434118 0.170015 0.172316
2 0.713805 0.42222 0.165169 0.152863
2 0.731796 0.474237 0.211097 0.262058
2 0.754303 0.261641 0.158187 0.160985
1 0.316782 0.230823 0.0798559 0.0701765
2 0.177715 0.564408 0.14583 0.159039
2 0.393367 0.95384 0.166208 0.0923198
3 0.92514 0.870406 0.123843 0.114977
0 0.178024 0.562665 0.146197 0.15812
